8,55
8,56
9,55
9,56
10,55
10,56
11,55
11,56
12,55
12,56
13,55
13,56
14,55
14,56
15,55
15,56
16,55
16,56
17,55
17,56
18,55
18,56
19,55
19,56
20,55
20,56
21,55
21,56
22,55
22,56
23,55
23,56
24,55
24,56
25,55
25,56
26,55
26,56
27,55
27,56
28,55
28,56
29,55
29,56
30,55
30,56
31,55
31,56
32,55
32,56
33,55
33,56
34,55
34,56
35,55
35,56
36,55
36,56
37,55
37,56
38,55
38,56
39,55
39,56
40,55
40,56
41,55
41,56
42,55
42,56
43,55
43,56
44,55
44,56
45,55
45,56
46,55
46,56
47,55
47,56
48,55
48,56
49,55
49,56
50,55
50,56
51,55
51,56
52,55
52,56
53,55
53,56
54,55
54,56
55,55
55,56
56,55
56,56
56,180
56,181
56,182
56,183
56,184
56,185
56,186
56,187
56,188
56,189
56,190
56,191
56,192
56,193
56,194
56,195
56,196
56,197
56,198
56,199
56,200
56,201
56,202
56,203
56,204
56,205
56,206
56,207
56,208
56,209
56,210
56,211
56,212
56,213
56,214
56,215
56,216
56,217
56,218
56,219
56,220
56,221
56,222
56,223
56,224
56,225
56,226
56,227
56,228
56,229
56,230
56,231
56,232
56,233
56,234
56,235
56,236
56,237
56,238
56,239
56,240
56,241
56,242
56,243
56,244
56,245
56,246
56,247
56,248
56,249
56,250
56,251
56,252
56,253
56,254
56,255
56,256
56,257
56,258
56,259
56,260
56,261
56,262
56,263
56,264
56,265
56,266
56,267
56,268
56,269
56,270
56,271
56,272
56,273
56,274
56,275
56,276
56,277
56,278
56,279
56,280
56,281
56,282
56,283
56,284
56,285
56,286
56,287
56,288
57,55
57,56
57,180
57,181
57,182
57,183
57,184
57,185
57,186
57,187
57,188
57,189
57,190
57,191
57,192
57,193
57,194
57,195
57,196
57,197
57,198
57,199
57,200
57,201
57,202
57,203
57,204
57,205
57,206
57,207
57,208
57,209
57,210
57,211
57,212
57,213
57,214
57,215
57,216
57,217
57,218
57,219
57,220
57,221
57,222
57,223
57,224
57,225
57,226
57,227
57,228
57,229
57,230
57,231
57,232
57,233
57,234
57,235
57,236
57,237
57,238
57,239
57,240
57,241
57,242
57,243
57,244
57,245
57,246
57,247
57,248
57,249
57,250
57,251
57,252
57,253
57,254
57,255
57,256
57,257
57,258
57,259
57,260
57,261
57,262
57,263
57,264
57,265
57,266
57,267
57,268
57,269
57,270
57,271
57,272
57,273
57,274
57,275
57,276
57,277
57,278
57,279
57,280
57,281
57,282
57,283
57,284
57,285
57,286
57,287
57,288
58,55
58,56
58,180
58,181
58,287
58,288
59,55
59,56
59,180
59,181
59,287
59,288
60,55
60,56
60,180
60,181
60,287
60,288
61,55
61,56
61,180
61,181
61,287
61,288
62,55
62,56
62,180
62,181
62,287
62,288
63,55
63,56
63,180
63,181
63,287
63,288
64,55
64,56
64,180
64,181
64,287
64,288
65,55
65,56
65,180
65,181
65,287
65,288
66,55
66,56
66,180
66,181
66,287
66,288
67,55
67,56
67,180
67,181
67,287
67,288
68,55
68,56
68,180
68,181
68,287
68,288
69,55
69,56
69,180
69,181
69,287
69,288
70,55
70,56
70,180
70,181
70,287
70,288
71,55
71,56
71,180
71,181
71,287
71,288
72,55
72,56
72,180
72,181
72,287
72,288
73,55
73,56
73,180
73,181
73,287
73,288
74,55
74,56
74,180
74,181
74,287
74,288
75,55
75,56
75,180
75,181
75,287
75,288
76,55
76,56
76,180
76,181
76,287
76,288
77,55
77,56
77,180
77,181
77,287
77,288
78,55
78,56
78,180
78,181
79,55
79,56
79,180
79,181
80,55
80,56
80,180
80,181
81,55
81,56
81,180
81,181
82,55
82,56
82,180
82,181
83,55
83,56
83,180
83,181
84,55
84,56
84,180
84,181
85,55
85,56
85,180
85,181
86,55
86,56
86,180
86,181
87,55
87,56
87,180
87,181
88,55
88,56
88,180
88,181
89,55
89,56
89,180
89,181
90,55
90,56
90,180
90,181
91,55
91,56
91,169
91,170
91,171
91,172
91,173
91,174
91,175
91,176
91,177
91,178
91,179
91,180
91,181
91,182
91,183
91,184
91,185
91,186
91,187
91,188
91,189
91,190
91,191
91,192
91,193
91,194
91,195
91,196
91,197
91,198
91,199
91,200
91,201
91,202
91,203
91,204
91,205
91,206
91,207
91,208
91,209
91,210
91,211
91,212
92,55
92,56
92,169
92,170
92,171
92,172
92,173
92,174
92,175
92,176
92,177
92,178
92,179
92,180
92,181
92,182
92,183
92,184
92,185
92,186
92,187
92,188
92,189
92,190
92,191
92,192
92,193
92,194
92,195
92,196
92,197
92,198
92,199
92,200
92,201
92,202
92,203
92,204
92,205
92,206
92,207
92,208
92,209
92,210
92,211
92,212
93,55
93,56
93,169
93,170
93,211
93,212
94,55
94,56
94,169
94,170
94,211
94,212
95,55
95,56
95,169
95,170
95,211
95,212
96,55
96,56
96,169
96,170
96,211
96,212
97,55
97,56
97,169
97,170
97,211
97,212
98,55
98,56
98,169
98,170
98,211
98,212
99,55
99,56
99,169
99,170
99,211
99,212
100,55
100,56
100,169
100,170
100,211
100,212
101,55
101,56
101,169
101,170
101,211
101,212
102,55
102,56
102,169
102,170
102,211
102,212
103,55
103,56
103,57
103,58
103,59
103,60
103,61
103,62
103,63
103,64
103,65
103,66
103,67
103,68
103,69
103,70
103,71
103,72
103,73
103,74
103,75
103,76
103,77
103,78
103,79
103,80
103,81
103,82
103,83
103,84
103,85
103,86
103,87
103,88
103,89
103,90
103,91
103,92
103,93
103,94
103,95
103,96
103,97
103,98
103,99
103,100
103,101
103,102
103,103
103,104
103,105
103,106
103,107
103,108
103,109
103,110
103,111
103,112
103,113
103,114
103,115
103,116
103,117
103,118
103,119
103,120
103,121
103,122
103,123
103,124
103,125
103,126
103,127
103,128
103,129
103,130
103,131
103,132
103,133
103,134
103,135
103,136
103,137
103,138
103,139
103,140
103,141
103,142
103,143
103,144
103,145
103,146
103,147
103,148
103,149
103,150
103,151
103,152
103,153
103,154
103,155
103,156
103,157
103,158
103,159
103,160
103,161
103,162
103,163
103,164
103,165
103,166
103,167
103,168
103,169
103,170
103,211
103,212
104,55
104,56
104,57
104,58
104,59
104,60
104,61
104,62
104,63
104,64
104,65
104,66
104,67
104,68
104,69
104,70
104,71
104,72
104,73
104,74
104,75
104,76
104,77
104,78
104,79
104,80
104,81
104,82
104,83
104,84
104,85
104,86
104,87
104,88
104,89
104,90
104,91
104,92
104,93
104,94
104,95
104,96
104,97
104,98
104,99
104,100
104,101
104,102
104,103
104,104
104,105
104,106
104,107
104,108
104,109
104,110
104,111
104,112
104,113
104,114
104,115
104,116
104,117
104,118
104,119
104,120
104,121
104,122
104,123
104,124
104,125
104,126
104,127
104,128
104,129
104,130
104,131
104,132
104,133
104,134
104,135
104,136
104,137
104,138
104,139
104,140
104,141
104,142
104,143
104,144
104,145
104,146
104,147
104,148
104,149
104,150
104,151
104,152
104,153
104,154
104,155
104,156
104,157
104,158
104,159
104,160
104,161
104,162
104,163
104,164
104,165
104,166
104,167
104,168
104,169
104,170
104,211
104,212
105,55
105,56
105,169
105,170
105,211
105,212
105,213
105,214
105,215
105,216
105,217
105,218
105,219
105,220
105,221
105,222
105,223
105,224
105,225
105,226
105,227
105,228
105,229
105,230
105,231
105,232
105,233
105,234
105,235
105,236
105,237
105,238
105,239
105,240
105,241
105,242
105,243
105,244
105,245
105,246
105,247
105,248
105,249
105,250
105,251
105,252
105,253
105,254
105,255
105,256
105,257
105,258
105,259
105,260
105,261
105,262
105,263
105,264
105,265
105,266
105,267
105,268
105,269
105,270
105,271
105,272
105,273
105,274
105,275
105,276
105,277
105,278
105,279
106,55
106,56
106,169
106,170
106,211
106,212
106,213
106,214
106,215
106,216
106,217
106,218
106,219
106,220
106,221
106,222
106,223
106,224
106,225
106,226
106,227
106,228
106,229
106,230
106,231
106,232
106,233
106,234
106,235
106,236
106,237
106,238
106,239
106,240
106,241
106,242
106,243
106,244
106,245
106,246
106,247
106,248
106,249
106,250
106,251
106,252
106,253
106,254
106,255
106,256
106,257
106,258
106,259
106,260
106,261
106,262
106,263
106,264
106,265
106,266
106,267
106,268
106,269
106,270
106,271
106,272
106,273
106,274
106,275
106,276
106,277
106,278
106,279
107,55
107,56
107,169
107,170
108,55
108,56
108,169
108,170
109,55
109,56
109,169
109,170
110,55
110,56
110,169
110,170
111,55
111,56
111,169
111,170
112,55
112,56
112,169
112,170
113,55
113,56
113,169
113,170
114,55
114,56
114,169
114,170
115,55
115,56
115,169
115,170
116,55
116,56
116,169
116,170
117,55
117,56
117,169
117,170
118,55
118,56
118,169
118,170
119,55
119,56
119,169
119,170
120,55
120,56
120,169
120,170
121,55
121,56
121,169
121,170
122,55
122,56
122,169
122,170
123,55
123,56
123,169
123,170
124,55
124,56
124,169
124,170
125,55
125,56
125,169
125,170
126,55
126,56
126,169
126,170
127,55
127,56
127,169
127,170
128,55
128,56
128,169
128,170
129,55
129,56
129,169
129,170
130,55
130,56
130,169
130,170
131,55
131,56
131,169
131,170
132,55
132,56
132,169
132,170
133,55
133,56
133,169
133,170
134,55
134,56
134,169
134,170
135,55
135,56
135,169
135,170
136,55
136,56
136,169
136,170
137,55
137,56
137,57
137,58
137,59
137,60
137,61
137,62
137,63
137,64
137,65
137,66
137,67
137,68
137,69
137,70
137,71
137,72
137,73
137,74
137,75
137,76
137,77
137,78
137,79
137,80
137,81
137,82
137,83
137,84
137,85
137,86
137,87
137,88
137,89
137,90
137,91
137,92
137,93
137,94
137,95
137,96
137,97
137,98
137,99
137,100
137,101
137,102
137,103
137,104
137,105
137,106
137,107
137,108
137,109
137,110
137,111
137,112
137,113
137,114
137,115
137,116
137,117
137,118
137,119
137,120
137,121
137,122
137,123
137,124
137,125
137,126
137,127
137,128
137,129
137,130
137,131
137,132
137,133
137,134
137,135
137,136
137,137
137,138
137,139
137,140
137,141
137,142
137,143
137,144
137,145
137,146
137,147
137,148
137,149
137,150
137,151
137,152
137,153
137,154
137,155
137,156
137,157
137,158
137,159
137,160
137,161
137,162
137,163
137,164
137,165
137,166
137,167
137,168
137,169
137,170
138,55
138,56
138,57
138,58
138,59
138,60
138,61
138,62
138,63
138,64
138,65
138,66
138,67
138,68
138,69
138,70
138,71
138,72
138,73
138,74
138,75
138,76
138,77
138,78
138,79
138,80
138,81
138,82
138,83
138,84
138,85
138,86
138,87
138,88
138,89
138,90
138,91
138,92
138,93
138,94
138,95
138,96
138,97
138,98
138,99
138,100
138,101
138,102
138,103
138,104
138,105
138,106
138,107
138,108
138,109
138,110
138,111
138,112
138,113
138,114
138,115
138,116
138,117
138,118
138,119
138,120
138,121
138,122
138,123
138,124
138,125
138,126
138,127
138,128
138,129
138,130
138,131
138,132
138,133
138,134
138,135
138,136
138,137
138,138
138,139
138,140
138,141
138,142
138,143
138,144
138,145
138,146
138,147
138,148
138,149
138,150
138,151
138,152
138,153
138,154
138,155
138,156
138,157
138,158
138,159
138,160
138,161
138,162
138,163
138,164
138,165
138,166
138,167
138,168
138,169
138,170
139,55
139,56
139,169
139,170
140,55
140,56
140,169
140,170
141,55
141,56
141,169
141,170
142,55
142,56
142,169
142,170
143,55
143,56
143,169
143,170
144,55
144,56
144,169
144,170
145,55
145,56
145,169
145,170
146,55
146,56
146,169
146,170
147,55
147,56
147,169
147,170
148,55
148,56
148,169
148,170
149,55
149,56
149,169
149,170
150,55
150,56
150,169
150,170
151,55
151,56
151,169
151,170
152,55
152,56
152,169
152,170
153,55
153,56
153,169
153,170
154,55
154,56
154,169
154,170
155,55
155,56
155,169
155,170
156,55
156,56
156,169
156,170
157,55
157,56
157,169
157,170
158,55
158,56
158,169
158,170
159,55
159,56
159,169
159,170
160,55
160,56
160,169
160,170
161,55
161,56
161,169
161,170
162,55
162,56
162,169
162,170
163,55
163,56
163,169
163,170
164,55
164,56
164,169
164,170
165,55
165,56
165,169
165,170
166,55
166,56
166,169
166,170
167,55
167,56
167,169
167,170
168,55
168,56
168,169
168,170
169,55
169,56
169,169
169,170
170,55
170,56
170,169
170,170
171,55
171,56
171,169
171,170
172,55
172,56
172,169
172,170
173,55
173,56
173,169
173,170
174,55
174,56
174,169
174,170
175,55
175,56
175,169
175,170
176,55
176,56
176,169
176,170
177,55
177,56
177,169
177,170
178,55
178,56
178,169
178,170
179,55
179,56
179,169
179,170
180,55
180,56
180,169
180,170
181,55
181,56
181,169
181,170
182,55
182,56
182,169
182,170
183,55
183,56
183,169
183,170
184,55
184,56
184,169
184,170
185,55
185,56
185,169
185,170
186,55
186,56
186,169
186,170
187,55
187,56
187,169
187,170
188,55
188,56
188,169
188,170
189,55
189,56
189,169
189,170
190,55
190,56
190,169
190,170
191,55
191,56
191,169
191,170
192,55
192,56
192,169
192,170
193,55
193,56
193,169
193,170
194,55
194,56
194,169
194,170
195,55
195,56
195,169
195,170
196,55
196,56
196,169
196,170
197,55
197,56
197,169
197,170
198,55
198,56
198,169
198,170
199,55
199,56
199,169
199,170
200,55
200,56
200,169
200,170
200,197
200,198
200,199
200,200
200,201
200,202
200,203
200,204
200,205
200,206
200,207
200,208
200,209
200,210
200,211
200,212
200,213
200,214
200,215
200,216
200,217
200,218
200,219
200,220
200,221
200,222
200,223
200,224
200,225
200,226
200,227
200,228
200,229
200,230
200,231
200,232
200,233
200,234
200,235
200,236
200,237
200,238
200,239
200,240
200,241
200,242
200,243
200,244
200,245
200,246
200,247
200,248
200,249
200,250
200,251
200,252
200,253
200,254
200,255
200,256
200,257
200,258
200,259
200,260
200,261
200,262
200,263
200,264
200,265
200,266
200,267
200,268
200,269
200,270
200,271
200,272
200,273
200,274
200,275
200,276
200,277
200,278
200,279
200,280
200,281
200,282
200,283
200,284
200,285
200,286
200,287
200,288
200,289
200,290
200,291
200,292
200,293
200,294
200,295
200,296
200,297
200,298
200,299
200,300
200,301
200,302
200,303
200,304
200,305
200,306
200,307
200,308
200,309
200,310
200,311
200,312
200,313
201,55
201,56
201,169
201,170
201,197
201,198
201,199
201,200
201,201
201,202
201,203
201,204
201,205
201,206
201,207
201,208
201,209
201,210
201,211
201,212
201,213
201,214
201,215
201,216
201,217
201,218
201,219
201,220
201,221
201,222
201,223
201,224
201,225
201,226
201,227
201,228
201,229
201,230
201,231
201,232
201,233
201,234
201,235
201,236
201,237
201,238
201,239
201,240
201,241
201,242
201,243
201,244
201,245
201,246
201,247
201,248
201,249
201,250
201,251
201,252
201,253
201,254
201,255
201,256
201,257
201,258
201,259
201,260
201,261
201,262
201,263
201,264
201,265
201,266
201,267
201,268
201,269
201,270
201,271
201,272
201,273
201,274
201,275
201,276
201,277
201,278
201,279
201,280
201,281
201,282
201,283
201,284
201,285
201,286
201,287
201,288
201,289
201,290
201,291
201,292
201,293
201,294
201,295
201,296
201,297
201,298
201,299
201,300
201,301
201,302
201,303
201,304
201,305
201,306
201,307
201,308
201,309
201,310
201,311
201,312
201,313
202,55
202,56
202,169
202,170
202,197
202,198
203,55
203,56
203,169
203,170
203,197
203,198
204,55
204,56
204,169
204,170
204,197
204,198
205,55
205,56
205,169
205,170
205,197
205,198
206,55
206,56
206,169
206,170
206,197
206,198
207,55
207,56
207,169
207,170
207,197
207,198
208,55
208,56
208,169
208,170
208,197
208,198
209,55
209,56
209,169
209,170
209,197
209,198
210,55
210,56
210,169
210,170
210,197
210,198
211,55
211,56
211,169
211,170
211,197
211,198
212,55
212,56
212,169
212,170
