CC,1,512,654
CC,1,512,655
CC,1,512,656
CC,1,512,657
CC,1,512,658
CC,1,512,659
CC,1,512,660
CC,1,512,661
CC,1,512,662
CC,1,512,663
CC,1,512,664
CC,1,18,665
CC,1,19,665
CC,1,20,665
CC,1,21,665
CC,1,22,665
CC,1,23,665
CC,1,24,665
CC,1,25,665
CC,1,26,665
CC,1,27,665
CC,1,28,665
CC,1,29,665
CC,1,30,665
CC,1,31,665
CC,1,32,665
CC,1,33,665
CC,1,34,665
CC,1,35,665
CC,1,36,665
CC,1,37,665
CC,1,38,665
CC,1,39,665
CC,1,40,665
CC,1,41,665
CC,1,42,665
CC,1,43,665
CC,1,44,665
CC,1,45,665
CC,1,46,665
CC,1,47,665
CC,1,48,665
CC,1,49,665
CC,1,50,665
CC,1,51,665
CC,1,52,665
CC,1,53,665
CC,1,54,665
CC,1,55,665
CC,1,56,665
CC,1,57,665
CC,1,58,665
CC,1,59,665
CC,1,60,665
CC,1,61,665
CC,1,62,665
CC,1,63,665
CC,1,64,665
CC,1,65,665
CC,1,66,665
CC,1,67,665
CC,1,68,665
CC,1,69,665
CC,1,70,665
CC,1,71,665
CC,1,72,665
CC,1,73,665
CC,1,74,665
CC,1,75,665
CC,1,76,665
CC,1,77,665
CC,1,78,665
CC,1,79,665
CC,1,80,665
CC,1,81,665
CC,1,82,665
CC,1,83,665
CC,1,84,665
CC,1,85,665
CC,1,86,665
CC,1,87,665
CC,1,88,665
CC,1,89,665
CC,1,90,665
CC,1,91,665
CC,1,92,665
CC,1,93,665
CC,1,94,665
CC,1,95,665
CC,1,96,665
CC,1,97,665
CC,1,98,665
CC,1,99,665
CC,1,100,665
CC,1,101,665
CC,1,102,665
CC,1,103,665
CC,1,104,665
CC,1,105,665
CC,1,106,665
CC,1,107,665
CC,1,108,665
CC,1,109,665
CC,1,110,665
CC,1,111,665
CC,1,112,665
CC,1,113,665
CC,1,114,665
CC,1,115,665
CC,1,116,665
CC,1,117,665
CC,1,118,665
CC,1,119,665
CC,1,120,665
CC,1,121,665
CC,1,122,665
CC,1,123,665
CC,1,124,665
CC,1,125,665
CC,1,126,665
CC,1,127,665
CC,1,128,665
CC,1,129,665
CC,1,130,665
CC,1,131,665
CC,1,132,665
CC,1,133,665
CC,1,134,665
CC,1,135,665
CC,1,136,665
CC,1,137,665
CC,1,138,665
CC,1,139,665
CC,1,140,665
CC,1,141,665
CC,1,142,665
CC,1,143,665
CC,1,144,665
CC,1,145,665
CC,1,146,665
CC,1,147,665
CC,1,148,665
CC,1,149,665
CC,1,150,665
CC,1,151,665
CC,1,152,665
CC,1,153,665
CC,1,154,665
CC,1,155,665
CC,1,156,665
CC,1,157,665
CC,1,158,665
CC,1,159,665
CC,1,160,665
CC,1,161,665
CC,1,162,665
CC,1,163,665
CC,1,164,665
CC,1,165,665
CC,1,166,665
CC,1,167,665
CC,1,168,665
CC,1,169,665
CC,1,170,665
CC,1,171,665
CC,1,172,665
CC,1,173,665
CC,1,174,665
CC,1,175,665
CC,1,176,665
CC,1,177,665
CC,1,178,665
CC,1,179,665
CC,1,180,665
CC,1,181,665
CC,1,182,665
CC,1,183,665
CC,1,184,665
CC,1,185,665
CC,1,186,665
CC,1,187,665
CC,1,188,665
CC,1,189,665
CC,1,190,665
CC,1,191,665
CC,1,192,665
CC,1,193,665
CC,1,194,665
CC,1,195,665
CC,1,196,665
CC,1,197,665
CC,1,198,665
CC,1,199,665
CC,1,200,665
CC,1,201,665
CC,1,202,665
CC,1,203,665
CC,1,204,665
CC,1,205,665
CC,1,206,665
CC,1,207,665
CC,1,208,665
CC,1,209,665
CC,1,210,665
CC,1,211,665
CC,1,212,665
CC,1,213,665
CC,1,214,665
CC,1,215,665
CC,1,216,665
CC,1,217,665
CC,1,218,665
CC,1,219,665
CC,1,220,665
CC,1,221,665
CC,1,222,665
CC,1,223,665
CC,1,224,665
CC,1,225,665
CC,1,226,665
CC,1,227,665
CC,1,228,665
CC,1,229,665
CC,1,230,665
CC,1,231,665
CC,1,232,665
CC,1,233,665
CC,1,234,665
CC,1,235,665
CC,1,236,665
CC,1,237,665
CC,1,238,665
CC,1,239,665
CC,1,240,665
CC,1,241,665
CC,1,242,665
CC,1,243,665
CC,1,244,665
CC,1,245,665
CC,1,246,665
CC,1,247,665
CC,1,248,665
CC,1,249,665
CC,1,250,665
CC,1,251,665
CC,1,252,665
CC,1,253,665
CC,1,254,665
CC,1,255,665
CC,1,256,665
CC,1,257,665
CC,1,258,665
CC,1,259,665
CC,1,260,665
CC,1,261,665
CC,1,262,665
CC,1,263,665
CC,1,264,665
CC,1,265,665
CC,1,266,665
CC,1,267,665
CC,1,268,665
CC,1,269,665
CC,1,270,665
CC,1,271,665
CC,1,272,665
CC,1,273,665
CC,1,274,665
CC,1,275,665
CC,1,276,665
CC,1,277,665
CC,1,278,665
CC,1,279,665
CC,1,280,665
CC,1,281,665
CC,1,282,665
CC,1,283,665
CC,1,284,665
CC,1,285,665
CC,1,286,665
CC,1,287,665
CC,1,288,665
CC,1,289,665
CC,1,290,665
CC,1,291,665
CC,1,292,665
CC,1,293,665
CC,1,294,665
CC,1,295,665
CC,1,296,665
CC,1,297,665
CC,1,298,665
CC,1,299,665
CC,1,300,665
CC,1,301,665
CC,1,302,665
CC,1,303,665
CC,1,304,665
CC,1,305,665
CC,1,306,665
CC,1,307,665
CC,1,308,665
CC,1,309,665
CC,1,310,665
CC,1,311,665
CC,1,312,665
CC,1,313,665
CC,1,314,665
CC,1,315,665
CC,1,316,665
CC,1,317,665
CC,1,318,665
CC,1,319,665
CC,1,320,665
CC,1,321,665
CC,1,322,665
CC,1,323,665
CC,1,324,665
CC,1,325,665
CC,1,326,665
CC,1,327,665
CC,1,328,665
CC,1,329,665
CC,1,330,665
CC,1,331,665
CC,1,332,665
CC,1,333,665
CC,1,334,665
CC,1,335,665
CC,1,336,665
CC,1,337,665
CC,1,338,665
CC,1,339,665
CC,1,340,665
CC,1,341,665
CC,1,342,665
CC,1,343,665
CC,1,344,665
CC,1,345,665
CC,1,346,665
CC,1,347,665
CC,1,348,665
CC,1,349,665
CC,1,350,665
CC,1,351,665
CC,1,352,665
CC,1,353,665
CC,1,354,665
CC,1,355,665
CC,1,356,665
CC,1,357,665
CC,1,358,665
CC,1,359,665
CC,1,360,665
CC,1,361,665
CC,1,362,665
CC,1,363,665
CC,1,364,665
CC,1,365,665
CC,1,366,665
CC,1,367,665
CC,1,368,665
CC,1,369,665
CC,1,370,665
CC,1,371,665
CC,1,372,665
CC,1,373,665
CC,1,374,665
CC,1,375,665
CC,1,376,665
CC,1,377,665
CC,1,378,665
CC,1,379,665
CC,1,380,665
CC,1,381,665
CC,1,382,665
CC,1,383,665
CC,1,384,665
CC,1,385,665
CC,1,386,665
CC,1,387,665
CC,1,388,665
CC,1,389,665
CC,1,390,665
CC,1,391,665
CC,1,392,665
CC,1,393,665
CC,1,394,665
CC,1,395,665
CC,1,396,665
CC,1,397,665
CC,1,398,665
CC,1,399,665
CC,1,400,665
CC,1,401,665
CC,1,402,665
CC,1,403,665
CC,1,404,665
CC,1,405,665
CC,1,406,665
CC,1,407,665
CC,1,408,665
CC,1,409,665
CC,1,410,665
CC,1,411,665
CC,1,412,665
CC,1,413,665
CC,1,414,665
CC,1,415,665
CC,1,416,665
CC,1,417,665
CC,1,418,665
CC,1,419,665
CC,1,420,665
CC,1,421,665
CC,1,422,665
CC,1,423,665
CC,1,424,665
CC,1,425,665
CC,1,426,665
CC,1,427,665
CC,1,428,665
CC,1,429,665
CC,1,430,665
CC,1,431,665
CC,1,432,665
CC,1,433,665
CC,1,434,665
CC,1,435,665
CC,1,436,665
CC,1,437,665
CC,1,438,665
CC,1,439,665
CC,1,440,665
CC,1,441,665
CC,1,442,665
CC,1,443,665
CC,1,444,665
CC,1,445,665
CC,1,446,665
CC,1,447,665
CC,1,448,665
CC,1,449,665
CC,1,450,665
CC,1,451,665
CC,1,452,665
CC,1,453,665
CC,1,454,665
CC,1,455,665
CC,1,456,665
CC,1,457,665
CC,1,458,665
CC,1,459,665
CC,1,460,665
CC,1,461,665
CC,1,462,665
CC,1,463,665
CC,1,464,665
CC,1,465,665
CC,1,466,665
CC,1,467,665
CC,1,468,665
CC,1,469,665
CC,1,470,665
CC,1,471,665
CC,1,472,665
CC,1,473,665
CC,1,474,665
CC,1,475,665
CC,1,476,665
CC,1,477,665
CC,1,478,665
CC,1,479,665
CC,1,480,665
CC,1,481,665
CC,1,482,665
CC,1,483,665
CC,1,484,665
CC,1,485,665
CC,1,486,665
CC,1,487,665
CC,1,488,665
CC,1,489,665
CC,1,490,665
CC,1,491,665
CC,1,492,665
CC,1,493,665
CC,1,494,665
CC,1,495,665
CC,1,496,665
CC,1,497,665
CC,1,498,665
CC,1,499,665
CC,1,500,665
CC,1,501,665
CC,1,502,665
CC,1,503,665
CC,1,504,665
CC,1,505,665
CC,1,506,665
CC,1,507,665
CC,1,508,665
CC,1,509,665
CC,1,510,665
CC,1,511,665
CC,1,512,665
CC,1,513,665
CC,1,514,665
CC,1,515,665
CC,1,516,665
CC,1,517,665
CC,1,518,665
CC,1,519,665
CC,1,520,665
CC,1,521,665
CC,1,522,665
CC,1,523,665
CC,1,524,665
CC,1,525,665
CC,1,526,665
CC,1,527,665
CC,1,528,665
CC,1,529,665
CC,1,530,665
CC,1,531,665
CC,1,532,665
CC,1,533,665
CC,1,534,665
CC,1,535,665
CC,1,536,665
CC,1,537,665
CC,1,538,665
CC,1,539,665
CC,1,540,665
CC,1,541,665
CC,1,542,665
CC,1,543,665
CC,1,544,665
CC,1,545,665
CC,1,546,665
CC,1,547,665
CC,1,548,665
CC,1,549,665
CC,1,550,665
CC,1,551,665
CC,1,512,666
CC,1,512,667
CC,1,512,668
CC,1,512,669
CC,1,512,670
CC,1,512,671
CC,1,512,672
CC,1,512,673
CC,1,512,674
CC,1,512,675
CC,1,512,676
CC,1,512,677
CC,1,512,678
CC,1,512,679
CC,1,512,680
CC,1,512,681
CC,1,512,682
CC,1,512,683
CC,1,512,684
CC,1,512,685
CC,1,512,686
CC,1,512,687
CC,1,512,688
CC,1,512,689
CC,1,512,690
CC,1,512,691
CC,1,512,692
CC,1,512,693
CC,1,512,694
CC,1,512,695
CC,1,512,696
CC,1,512,697
CC,1,512,698
CC,1,512,699
CC,1,512,700
CC,1,512,701
CC,1,512,702
CC,1,512,703
CC,1,512,704
CC,1,512,705
CC,1,512,706
CC,1,512,707
CC,1,512,708
CC,1,512,709
CC,1,512,710
CC,1,512,711
CC,1,512,712
CC,1,512,713
CC,1,512,714
CC,1,512,715
CC,1,512,716
CC,1,512,717
CC,1,512,718
CC,1,512,719
CC,1,512,720
CC,1,512,721
CC,1,512,722
CC,1,512,723
CC,1,512,724
CC,1,512,725
CC,1,512,726
CC,1,512,727
CC,1,512,728
CC,1,512,729
CC,1,512,730
CC,1,512,731
CC,1,512,732
CC,1,512,733
CC,1,512,734
CC,1,512,735
CC,1,512,736
CC,1,512,737
CC,1,512,738
CC,1,512,739
CC,1,512,740
CC,1,512,741
CC,1,512,742
CC,1,512,743
CC,1,512,744
CC,1,512,745
CC,1,512,746
CC,1,512,747
CC,1,512,748
CC,1,512,749
CC,1,512,750
CC,1,512,751
CC,1,512,752
CC,1,512,753
CC,1,512,754
CC,1,512,755
CC,1,512,756
CC,1,512,757
CC,1,512,758
CC,1,512,759
CC,1,512,760
CC,1,512,761
CC,1,512,762
CC,1,512,763
CC,1,512,764
CC,1,512,765
CC,1,512,766
CC,1,512,767
CC,1,512,768
CC,1,512,769
CC,1,512,770
CC,1,512,771
CC,1,512,772
CC,1,512,773
CC,1,512,774
CC,1,512,775
CC,1,512,776
CC,1,512,777
CC,1,512,778
CC,1,512,779
CC,1,512,780
CC,1,512,781
CC,1,512,782
CC,1,512,783
CC,1,512,784
CC,1,512,785
CC,1,512,786
CC,1,512,787
CC,1,512,788
CC,1,512,789
CC,1,512,790
CC,1,512,791
CC,1,512,792
CC,1,512,793
CC,1,512,794
CC,1,512,795
CC,1,512,796
CC,1,512,797
CC,1,512,798
CC,1,512,799
CC,1,512,800
CC,1,512,801
CC,1,512,802
CC,1,512,803
CC,1,512,804
CC,1,512,805
CC,1,512,806
CC,1,512,807
CC,1,512,808
CC,1,512,809
CC,1,512,810
CC,1,512,811
CC,1,512,812
CC,1,512,813
CC,1,512,814
CC,1,512,815
CC,1,512,816
CC,1,512,817
CC,1,512,818
CC,1,512,819
CC,1,512,820
CC,1,512,821
CC,1,512,822
CC,1,512,823
CC,1,512,824
CC,1,512,825
CC,1,512,826
CC,1,512,827
CC,1,512,828
CC,1,512,829
CC,1,512,830
CC,1,512,831
CC,1,512,832
CC,1,512,833
CC,1,512,834
CC,1,512,835
CC,1,512,836
CC,1,512,837
CC,1,512,838
CC,1,512,839
CC,1,512,840
CC,1,512,841
CC,1,512,842
CC,1,512,843
CC,1,512,844
CC,1,512,845
CC,1,512,846
CC,1,512,847
CC,1,512,848
CC,1,512,849
CC,1,512,850
CC,1,512,851
CC,1,512,852
CC,1,512,853
CC,1,512,854
CC,1,512,855
CC,1,512,856
CC,1,512,857
CC,1,512,858
CC,1,512,859
CC,1,512,860
CC,1,512,861
CC,1,512,862
CC,1,512,863
CC,1,512,864
CC,1,512,865
CC,1,512,866
CC,1,512,867
CC,1,512,868
CC,1,512,869
CC,1,512,870
CC,1,512,871
CC,1,512,872
CC,1,512,873
CC,1,512,874
CC,1,512,875
CC,1,512,876
CC,1,512,877
CC,1,512,878
CC,1,512,879
CC,1,512,880
CC,1,512,881
CC,1,512,882
CC,1,512,883
CC,1,512,884
CC,1,512,885
CC,1,512,886
CC,1,513,886
CC,1,514,886
CC,1,515,886
CC,1,516,886
CC,1,517,886
CC,1,518,886
CC,1,519,886
CC,1,520,886
CC,1,521,886
CC,1,522,886
CC,1,523,886
CC,1,524,886
CC,1,525,886
CC,1,526,886
CC,1,527,886
CC,1,528,886
CC,1,529,886
CC,1,530,886
CC,1,531,886
CC,1,532,886
CC,1,533,886
CC,1,534,886
CC,1,535,886
CC,1,536,886
CC,1,537,886
CC,1,538,886
CC,1,539,886
CC,1,540,886
CC,1,541,886
CC,1,542,886
CC,1,543,886
CC,1,544,886
CC,1,545,886
CC,1,546,886
CC,1,547,886
CC,1,548,886
CC,1,549,886
CC,1,550,886
CC,1,551,886
CC,1,552,886
CC,1,553,886
CC,1,554,886
CC,1,555,886
CC,1,556,886
CC,1,557,886
CC,1,558,886
CC,1,559,886
CC,1,560,886
CC,1,561,886
CC,1,562,886
CC,1,563,886
CC,1,564,886
CC,1,565,886
CC,1,566,886
CC,1,567,886
CC,1,568,886
CC,1,569,886
CC,1,570,886
CC,1,571,886
CC,1,572,886
CC,1,573,886
CC,1,574,886
CC,1,575,886
CC,1,576,886
CC,1,577,886
CC,1,578,886
CC,1,579,886
CC,1,580,886
CC,1,581,886
CC,1,582,886
CC,1,583,886
CC,1,584,886
CC,1,585,886
CC,1,586,886
CC,1,587,886
CC,1,588,886
CC,1,589,886
CC,1,590,886
CC,1,591,886
CC,1,592,886
CC,1,593,886
CC,1,594,886
CC,1,595,886
CC,1,596,886
CC,1,597,886
CC,1,598,886
CC,1,599,886
CC,1,600,886
CC,1,601,886
CC,1,602,886
CC,1,603,886
CC,1,604,886
CC,1,605,886
CC,1,606,886
CC,1,607,886
CC,1,608,886
CC,1,609,886
CC,1,610,886
CC,1,611,886
CC,1,612,886
CC,1,613,886
CC,1,614,886
CC,1,615,886
CC,1,616,886
CC,1,617,886
CC,1,618,886
CC,1,619,886
CC,1,620,886
CC,1,621,886
CC,1,622,886
CC,1,623,886
CC,1,624,886
CC,1,625,886
CC,1,626,886
CC,1,627,886
CC,1,628,886
CC,1,629,886
CC,1,630,886
CC,1,631,886
CC,1,632,886
CC,1,633,886
CC,1,634,886
CC,1,635,886
CC,1,636,886
CC,1,637,886
CC,1,638,886
CC,1,639,886
CC,1,640,886
CC,1,641,886
CC,1,642,886
CC,1,643,886
CC,1,644,886
CC,1,645,886
CC,1,646,886
CC,1,647,886
CC,1,648,886
CC,1,649,886
CC,1,650,886
CC,1,651,886
CC,1,652,886
CC,1,653,886
CC,1,654,886
CC,1,655,886
CC,1,656,886
CC,1,657,886
CC,1,658,886
CC,1,659,886
CC,1,660,886
CC,1,661,886
CC,1,662,886
CC,1,663,886
CC,1,664,886
CC,1,665,886
CC,1,666,886
CC,1,667,886
CC,1,668,886
CC,1,669,886
CC,1,670,886
CC,1,671,886
CC,1,672,886
CC,1,673,886
CC,1,674,886
CC,1,675,886
CC,1,676,886
CC,1,677,886
CC,1,678,886
CC,1,679,886
CC,1,680,886
CC,1,681,886
CC,1,682,886
CC,1,683,886
CC,1,684,886
CC,1,685,886
CC,1,686,886
CC,1,687,886
CC,1,688,886
CC,1,689,886
CC,1,690,886
CC,1,691,886
CC,1,692,886
CC,1,693,886
CC,1,694,886
CC,1,695,886
CC,1,696,886
CC,1,697,886
CC,1,698,886
CC,1,699,886
CC,1,700,886
CC,1,701,886
CC,1,702,886
CC,1,703,886
CC,1,704,886
CC,1,705,886
CC,1,706,886
CC,1,707,886
CC,1,708,886
CC,1,709,886
CC,1,710,886
CC,1,711,886
CC,1,712,886
CC,1,713,886
CC,1,714,886
CC,1,715,886
CC,1,716,886
CC,1,717,886
CC,1,718,886
CC,1,719,886
CC,1,720,886
CC,1,721,886
CC,1,722,886
CC,1,723,886
CC,1,724,886
CC,1,725,886
CC,1,726,886
CC,1,727,886
CC,1,728,886
CC,1,729,886
CC,1,730,886
CC,1,731,886
CC,1,732,886
CC,1,733,886
CC,1,734,886
CC,1,735,886
CC,1,736,886
CC,1,737,886
CC,1,738,886
CC,1,739,886
CC,1,740,886
CC,1,741,886
CC,1,742,886
CC,1,743,886
CC,1,744,886
CC,1,745,886
CC,1,746,886
CC,1,747,886
CC,1,748,886
CC,1,749,886
CC,1,750,886
CC,1,751,886
CC,1,752,886
CC,1,753,886
CC,1,754,886
CC,1,755,886
CC,1,756,886
CC,1,757,886
CC,1,758,886
CC,1,759,886
CC,1,760,886
CC,1,761,886
CC,1,762,886
CC,1,763,886
CC,1,764,886
CC,1,765,886
CC,1,766,886
CC,1,767,886
CC,1,768,886
CC,1,769,886
CC,1,770,886
CC,1,771,886
CC,1,772,886
CC,1,773,886
CC,1,774,886
CC,1,775,886
CC,1,776,886
CC,1,777,886
CC,1,778,886
CC,1,779,886
CC,1,780,886
CC,1,781,886
CC,1,782,886
CC,1,783,886
CC,1,784,886
CC,1,785,886
CC,1,786,886
CC,1,787,886
CC,1,788,886
CC,1,789,886
CC,1,790,886
CC,1,791,886
CC,1,792,886
CC,1,793,886
CC,1,794,886
CC,1,795,886
CC,1,796,886
CC,1,797,886
CC,1,798,886
CC,1,799,886
CC,1,800,886
CC,1,801,886
CC,1,802,886
CC,1,803,886
CC,1,804,886
CC,1,805,886
CC,1,806,886
CC,1,807,886
CC,1,808,886
CC,1,809,886
CC,1,810,886
CC,1,811,886
CC,1,812,886
CC,1,813,886
CC,1,814,886
CC,1,815,886
CC,1,816,886
CC,1,817,886
CC,1,818,886
CC,1,819,886
CC,1,820,886
CC,1,821,886
CC,1,822,886
CC,1,823,886
CC,1,824,886
CC,1,825,886
CC,1,826,886
CC,1,827,886
CC,1,828,886
CC,1,829,886
CC,1,830,886
CC,1,831,886
CC,1,832,886
CC,1,833,886
CC,1,834,886
CC,1,835,886
CC,1,836,886
CC,1,837,886
CC,1,838,886
CC,1,839,886
CC,1,840,886
CC,1,841,886
CC,1,842,886
CC,1,843,886
CC,1,844,886
CC,1,845,886
CC,1,846,886
CC,1,847,886
CC,1,848,886
CC,1,849,886
CC,1,850,886
CC,1,851,886
CC,1,852,886
CC,1,853,886
CC,1,854,886
CC,1,855,886
CC,1,856,886
CC,1,857,886
CC,1,858,886
CC,1,859,886
CC,1,860,886
CC,1,861,886
CC,1,862,886
CC,1,863,886
CC,1,864,886
CC,1,865,886
CC,1,866,886
CC,1,867,886
CC,1,868,886
CC,1,869,886
CC,1,870,886
CC,1,871,886
CC,1,872,886
CC,1,873,886
CC,1,874,886
CC,1,875,886
CC,1,876,886
CC,1,877,886
CC,1,878,886
CC,1,879,886
CC,1,880,886
CC,1,881,886
CC,1,882,886
CC,1,883,886
CC,1,884,886
CC,1,885,886
CC,1,886,886
CC,1,887,886
CC,1,888,886
CC,1,889,886
CC,1,890,886
CC,1,891,886
CC,1,892,886
CC,1,893,886
CC,1,894,886
CC,1,895,886
CC,1,896,886
CC,1,897,886
CC,1,898,886
CC,1,899,886
CC,1,900,886
CC,1,901,886
CC,1,902,886
CC,1,903,886
CC,1,904,886
CC,1,905,886
CC,1,906,886
CC,1,907,886
CC,1,908,886
CC,1,909,886
CC,1,910,886
CC,1,911,886
CC,1,912,886
CC,1,913,886
CC,1,914,886
CC,1,915,886
CC,1,916,886
CC,1,917,886
CC,1,918,886
CC,1,919,886
CC,1,920,886
CC,1,921,886
CC,1,922,886
CC,1,923,886
CC,1,924,886
CC,1,925,886
CC,1,926,886
CC,1,927,886
CC,1,928,886
CC,1,929,886
CC,1,930,886
CC,1,931,886
CC,1,932,886
CC,1,933,886
CC,1,934,886
CC,1,935,886
CC,1,936,886
CC,1,937,886
CC,1,938,886
CC,1,939,886
CC,1,940,886
CC,1,941,886
CC,1,942,886
CC,1,943,886
CC,1,944,886
CC,1,945,886
CC,1,946,886
CC,1,947,886
CC,1,948,886
CC,1,949,886
CC,1,950,886
CC,1,951,886
CC,1,952,886
CC,1,953,886
CC,1,954,886
CC,1,955,886
CC,1,956,886
CC,1,957,886
CC,1,958,886
CC,1,959,886
CC,1,960,886
CC,1,961,886
CC,1,962,886
CC,1,963,886
CC,1,964,886
CC,1,965,886
CC,1,966,886
CC,1,967,886
CC,1,968,886
CC,1,969,886
CC,1,970,886
CC,1,971,886
CC,1,972,886
CC,1,973,886
CC,1,974,886
CC,1,975,886
CC,1,976,886
CC,1,977,886
CC,1,978,886
CC,1,979,886
CC,1,980,886
CC,1,981,886
CC,1,982,886
CC,1,983,886
CC,1,984,886
CC,1,985,886
CC,1,986,886
CC,1,987,886
CC,1,988,886
CC,1,989,886
CC,1,990,886
CC,1,991,886
CC,1,992,886
CC,1,993,886
CC,1,994,886
CC,1,995,886
CC,1,996,886
CC,1,997,886
CC,1,998,886
CC,1,999,886
CC,1,1000,886
CC,1,1001,886
CC,1,1002,886
CC,1,1003,886
CC,1,1004,886
CC,1,1005,886
CC,1,1006,886
CC,1,1007,886
CC,1,1008,886
CC,1,1009,886
CC,1,1010,886
CC,1,1011,886
CC,1,1012,886
CC,1,1013,886
CC,1,1014,886
CC,1,1015,886
CC,1,1016,886
CC,1,1017,886
CC,1,1018,886
CC,1,1019,886
CC,1,1020,886
CC,1,1021,886
CC,1,1022,886
CC,1,1023,886
CC,1,1024,886
CC,1,1025,886
CC,1,1026,886
CC,1,1027,886
CC,1,1028,886
CC,1,1029,886
CC,1,1030,886
CC,1,1031,886
CC,1,1032,886
CC,1,1033,886
CC,1,1034,886
CC,1,1035,886
CC,1,1036,886
CC,1,1037,886
CC,1,1038,886
CC,1,1039,886
CC,1,1040,886
CC,1,1041,886
CC,1,1042,886
CC,1,1043,886
CC,1,1044,886
CC,1,1045,886
CC,1,1046,886
CC,1,1047,886
CC,1,1048,886
CC,1,1049,886
CC,1,1050,886
CC,1,1051,886
CC,1,1052,886
CC,1,1053,886
CC,1,1054,886
CC,1,1055,886
CC,1,1056,886
CC,1,1057,886
CC,1,1058,886
CC,1,1059,886
CC,1,1060,886
CC,1,1061,886
CC,1,1062,886
CC,1,1063,886
CC,1,1064,886
CC,1,1065,886
CC,1,1066,886
CC,1,1067,886
CC,1,1068,886
CC,1,1069,886
CC,1,1070,886
CC,1,1071,886
CC,1,1072,886
CC,1,1073,886
CC,1,1074,886
CC,1,1075,886
CC,1,1076,886
CC,1,1077,886
CC,1,1078,886
CC,1,1079,886
CC,1,1080,886
CC,1,1081,886
CC,1,1082,886
CC,1,1083,886
CC,1,1084,886
CC,1,1085,886
CC,1,1086,886
CC,1,1087,886
CC,1,1088,886
CC,1,1089,886
CC,1,1090,886
CC,1,1091,886
CC,1,1092,886
CC,1,1093,886
CC,1,1094,886
CC,1,1095,886
CC,1,1096,886
CC,1,1097,886
CC,1,1098,886
CC,1,1099,886
CC,1,1100,886
CC,1,1101,886
CC,1,1102,886
CC,1,1103,886
CC,1,1104,886
CC,1,1105,886
CC,1,1106,886
CC,1,1107,886
CC,1,1108,886
CC,1,1109,886
CC,1,1110,886
CC,1,1111,886
CC,1,1112,886
CC,1,1113,886
CC,1,1114,886
CC,1,1115,886
CC,1,1116,886
CC,1,1117,886
CC,1,1118,886
CC,1,1119,886
CC,1,1120,886
CC,1,1121,886
CC,1,1122,886
CC,1,1123,886
CC,1,1124,886
CC,1,1125,886
CC,1,1126,886
CC,1,1127,886
CC,1,1128,886
CC,1,1129,886
CC,1,1130,886
CC,1,1131,886
CC,1,1132,886
CC,1,1133,886
CC,1,1134,886
CC,1,1135,886
CC,1,1136,886
CC,1,1137,886
CC,1,1138,886
CC,1,1139,886
CC,1,1140,886
CC,1,1141,886
CC,1,1142,886
CC,1,1143,886
CC,1,1144,886
CC,1,1145,886
CC,1,1146,886
CC,1,1147,886
CC,1,1148,886
CC,1,1149,886
CC,1,1150,886
CC,1,1151,886
CC,1,1152,886
CC,1,1153,886
CC,1,1154,886
CC,1,1155,886
CC,1,1156,886
CC,1,1157,886
CC,1,1158,886
CC,1,1159,886
CC,1,1160,886
CC,1,1161,886
CC,1,1162,886
CC,1,1163,886
CC,1,1164,886
CC,1,1165,886
CC,1,1166,886
CC,1,1167,886
CC,1,1168,886
CC,1,1169,886
CC,1,1170,886
CC,1,1171,886
CC,1,1172,886
CC,1,1173,886
CC,1,1174,886
CC,1,1175,886
CC,1,1176,886
CC,1,1177,886
CC,1,1178,886
CC,1,1179,886
CC,1,1180,886
CC,1,1181,886
CC,1,1182,886
CC,1,1183,886
CC,1,1184,886
CC,1,1185,886
CC,1,1186,886
CC,1,1187,886
CC,1,1188,886
CC,1,1189,886
CC,1,1190,886
CC,1,1191,886
CC,1,1192,886
CC,1,1193,886
CC,1,1194,886
CC,1,1195,886
CC,1,1196,886
CC,1,1197,886
CC,1,1198,886
CC,1,1199,886
CC,1,1200,886
CC,1,1201,886
CC,1,1202,886
CC,1,1203,886
CC,1,1204,886
CC,1,1205,886
CC,1,1206,886
CC,1,1207,886
CC,1,1208,886
CC,1,1209,886
CC,1,1210,886
CC,1,1211,886
CC,1,1212,886
CC,1,1213,886
CC,1,1214,886
CC,1,1215,886
CC,1,1216,886
CC,1,1217,886
CC,1,1218,886
CC,1,1219,886
CC,1,1220,886
CC,1,1221,886
CC,1,1222,886
CC,1,1223,886
CC,1,1224,886
CC,1,1225,886
CC,1,1226,886
CC,1,1227,886
CC,1,1228,886
CC,1,1229,886
CC,1,1230,886
CC,1,1231,886
CC,1,1232,886
CC,1,1233,886
CC,1,1234,886
CC,1,1235,886
CC,1,1236,886
CC,1,1237,886
CC,1,1238,886
CC,1,1239,886
CC,1,1240,886
CC,1,1241,886
CC,1,1242,886
CC,1,1243,886
CC,1,1244,886
CC,1,1245,886
CC,1,1246,886
CC,1,1247,886
CC,1,1248,886
CC,1,1249,886
CC,1,1250,886
CC,1,1251,886
CC,1,1252,886
CC,1,1253,886
CC,1,1254,886
CC,1,1255,886
CC,1,1256,886
CC,1,1257,886
CC,1,1258,886
CC,1,1259,886
CC,1,1260,886
CC,1,1261,886
CC,1,1262,886
CC,1,1263,886
CC,1,1264,886
CC,1,1265,886
CC,1,1266,886
CC,1,1267,886
CC,1,1268,886
CC,1,1269,886
CC,1,1270,886
CC,1,1271,886
CC,1,1272,886
CC,1,1273,886
CC,1,1274,886
CC,1,1275,886
CC,1,1276,886
CC,1,1277,886
CC,1,1278,886
CC,1,1279,886
CC,1,1280,886
CC,1,1281,886
CC,1,1282,886
CC,1,1283,886
CC,1,1284,886
CC,1,1285,886
CC,1,1286,886
CC,1,1287,886
CC,1,1288,886
CC,1,1289,886
CC,1,1290,886
CC,1,1291,886
CC,1,1292,886
CC,1,1293,886
CC,1,1294,886
CC,1,1295,886
CC,1,1296,886
CC,1,1297,886
CC,1,1298,886
CC,1,1299,886
CC,1,1300,886
CC,1,1301,886
CC,1,1302,886
CC,1,1303,886
CC,1,1304,886
CC,1,1305,886
CC,1,1306,886
CC,1,1307,886
CC,1,1308,886
CC,1,1309,886
CC,1,1310,886
CC,1,1311,886
CC,1,1312,886
CC,1,1313,886
CC,1,1314,886
CC,1,1315,886
CC,1,1316,886
CC,1,1317,886
CC,1,1318,886
CC,1,1319,886
CC,1,1320,886
CC,1,1321,886
CC,1,1322,886
CC,1,1323,886
CC,1,1324,886
CC,1,1325,886
CC,1,1326,886
CC,1,1327,886
CC,1,1328,886
CC,1,1329,886
CC,1,1330,886
CC,1,1331,886
CC,1,1332,886
CC,1,1333,886
CC,1,1334,886
CC,1,1335,886
CC,1,1336,886
CC,1,1337,886
CC,1,1338,886
CC,1,1339,886
CC,1,1340,886
CC,1,1341,886
CC,1,1342,886
CC,1,1343,886
CC,1,1344,886
CC,1,1345,886
CC,1,1346,886
CC,1,1347,886
CC,1,1348,886
CC,1,1349,886
CC,1,1350,886
CC,1,1351,886
CC,1,1352,886
CC,1,1353,886
CC,1,1354,886
CC,1,1355,886
CC,1,1356,886
CC,1,1357,886
CC,1,1358,886
CC,1,1359,886
CC,1,1360,886
CC,1,1361,886
CC,1,1362,886
CC,1,1363,886
CC,1,1364,886
CC,1,1365,886
CC,1,1366,886
CC,1,1367,886
CC,1,1368,886
CC,1,1369,886
CC,1,1370,886
CC,1,1371,886
CC,1,1372,886
CC,1,1373,886
CC,1,1374,886
CC,1,1375,886
CC,1,1376,886
CC,1,1377,886
CC,1,1378,886
CC,1,1379,886
CC,1,1380,886
CC,1,1381,886
CC,1,1382,886
CC,1,1383,886
CC,1,1384,886
CC,1,1385,886
CC,1,1386,886
CC,1,1387,886
CC,1,1388,886
CC,1,1389,886
CC,1,1390,886
CC,1,1391,886
CC,1,1392,886
CC,1,1393,886
CC,1,1394,886
CC,1,1395,886
CC,1,1396,886
CC,1,1397,886
CC,1,1398,886
CC,1,1399,886
CC,1,1400,886
CC,1,1401,886
CC,1,1402,886
CC,1,1403,886
CC,1,1404,886
CC,1,1405,886
CC,1,1406,886
CC,1,1407,886
CC,1,1408,886
CC,1,1409,886
CC,1,1410,886
CC,1,1411,886
CC,1,1412,886
CC,1,1413,886
CC,1,1414,886
CC,1,1415,886
CC,1,1416,886
CC,1,1417,886
CC,1,1418,886
CC,1,1419,886
CC,1,1420,886
CC,1,1421,886
CC,1,1422,886
CC,1,1423,886
CC,1,1424,886
CC,1,1425,886
CC,1,1426,886
CC,1,1427,886
CC,1,1428,886
CC,1,1429,886
CC,1,1430,886
CC,1,1431,886
CC,1,1432,886
CC,1,1433,886
CC,1,1434,886
CC,1,1435,886
CC,1,1436,886
CC,1,1437,886
CC,1,1438,886
CC,1,1439,886
CC,1,1440,886
CC,1,1441,886
CC,1,1442,886
CC,1,1443,886
CC,1,1444,886
CC,1,1445,886
CC,1,1446,886
CC,1,1447,886
CC,1,1448,886
CC,1,1449,886
CC,1,1450,886
CC,1,1451,886
CC,1,1452,886
CC,1,1453,886
CC,1,1454,886
CC,1,1455,886
CC,1,1456,886
CC,1,1457,886
CC,1,1458,886
CC,1,1459,886
CC,1,1460,886
CC,1,1461,886
CC,1,1462,886
CC,1,1463,886
CC,1,1464,886
CC,1,1465,886
CC,1,1466,886
CC,1,1467,886
CC,1,1468,886
CC,1,1469,886
CC,1,1470,886
CC,1,1471,886
CC,1,1472,886
CC,1,1473,886
CC,1,1474,886
CC,1,1475,886
CC,1,1476,886
CC,1,1477,886
CC,1,1478,886
CC,1,1479,886
CC,1,1480,886
CC,1,1481,886
CC,1,1482,886
CC,1,1483,886
CC,1,1484,886
CC,1,1485,886
CC,1,1486,886
CC,1,1487,886
CC,1,1488,886
CC,1,1489,886
CC,1,1490,886
CC,1,1491,886
CC,1,1492,886
CC,1,1493,886
CC,1,1494,886
CC,1,1495,886
CC,1,1496,886
CC,1,1497,886
CC,1,1498,886
CC,1,1499,886
CC,1,1500,886
CC,1,1501,886
CC,1,1502,886
CC,1,1503,886
CC,1,1504,886
CC,1,1505,886
CC,1,1506,886
CC,1,1507,886
CC,1,1508,886
CC,1,1509,886
CC,1,1510,886
CC,1,1511,886
CC,1,1512,886
CC,1,1513,886
CC,1,1514,886
CC,1,1515,886
CC,1,1516,886
CC,1,1517,886
CC,1,1518,886
CC,1,1519,886
CC,1,1520,886
CC,1,1521,886
CC,1,1522,886
CC,1,1523,886
CC,1,1524,886
CC,1,1525,886
CC,1,1526,886
CC,1,1527,886
CC,1,1528,886
CC,1,1529,886
CC,1,1530,886
CC,1,1531,886
CC,1,1532,886
CC,1,1533,886
CC,1,1534,886
CC,1,1535,886
CC,1,1536,886
CC,1,1537,886
CC,1,1538,886
CC,1,1539,886
CC,1,1540,886
CC,1,1541,886
CC,1,1542,886
CC,1,1543,886
CC,1,1544,886
CC,1,1545,886
CC,1,1546,886
CC,1,1547,886
CC,1,1548,886
CC,1,1549,886
CC,1,1550,886
CC,1,1551,886
CC,1,1552,886
CC,1,1553,886
CC,1,1554,886
CC,1,1555,886
CC,1,1556,886
CC,1,1557,886
CC,1,1558,886
CC,1,1559,886
CC,1,1560,886
CC,1,1561,886
CC,1,1562,886
CC,1,1563,886
CC,1,1564,886
CC,1,1565,886
CC,1,1566,886
CC,1,1567,886
CC,1,1568,886
CC,1,1569,886
CC,1,1570,886
CC,1,1571,886
CC,1,1572,886
CC,1,1573,886
CC,1,1574,886
CC,1,1575,886
CC,1,1576,886
CC,1,1577,886
CC,1,1578,886
CC,1,1579,886
CC,1,1580,886
CC,1,1581,886
CC,1,1582,886
CC,1,1583,886
CC,1,1584,886
CC,1,1585,886
CC,1,1586,886
CC,1,1587,886
CC,1,1588,886
CC,1,1589,886
CC,1,1590,886
CC,1,1591,886
CC,1,1592,886
CC,1,1593,886
CC,1,1594,886
CC,1,1595,886
CC,1,1596,886
CC,1,1597,886
CC,1,1598,886
CC,1,1599,886
CC,1,1600,886
CC,1,1601,886
CC,1,1602,886
CC,1,1603,886
CC,1,1604,886
CC,1,1605,886
CC,1,1606,886
CC,1,1607,886
CC,1,1608,886
CC,1,1609,886
CC,1,1610,886
CC,1,1611,886
CC,1,1612,886
CC,1,1613,886
CC,1,1614,886
CC,1,1615,886
CC,1,1616,886
CC,1,1617,886
CC,1,1618,886
CC,1,1619,886
CC,1,1620,886
CC,1,1621,886
CC,1,1622,886
CC,1,1623,886
CC,1,1624,886
CC,1,1625,886
CC,1,1626,886
CC,1,1627,886
CC,1,1628,886
CC,1,1629,886
CC,1,1630,886
CC,1,1631,886
CC,1,1632,886
CC,1,1633,886
CC,1,1634,886
CC,1,1635,886
CC,1,1636,886
CC,1,1637,886
CC,1,1638,886
CC,1,1639,886
CC,1,1640,886
CC,1,1641,886
CC,1,1642,886
CC,1,1643,886
CC,1,1644,886
CC,1,1645,886
CC,1,1646,886
CC,1,1647,886
CC,1,1648,886
CC,1,1649,886
CC,1,1650,886
CC,1,1651,886
CC,1,1652,886
CC,1,1653,886
CC,1,1654,886
CC,1,1655,886
CC,1,1656,886
CC,1,1657,886
CC,1,1658,886
CC,1,1659,886
CC,1,1660,886
CC,1,1661,886
CC,1,1662,886
CC,1,1663,886
CC,1,1664,886
CC,1,1665,886
CC,1,1666,886
CC,1,1667,886
CC,1,1668,886
CC,1,1669,886
CC,1,1670,886
CC,1,1671,886
CC,1,1672,886
CC,1,1673,886
CC,1,1674,886
CC,1,1675,886
CC,1,1676,886
CC,1,1677,886
CC,1,1678,886
CC,1,1679,886
CC,1,1680,886
CC,1,1681,886
CC,1,1682,886
CC,1,1683,886
CC,1,1684,886
CC,1,1685,886
CC,1,1686,886
CC,1,1687,886
CC,1,1688,886
CC,1,1689,886
CC,1,1690,886
CC,1,1691,886
CC,1,1692,886
CC,1,1693,886
CC,1,1694,886
CC,1,1695,886
CC,1,1696,886
CC,1,1697,886
CC,1,1698,886
CC,1,1699,886
CC,1,1700,886
CC,1,1701,886
CC,1,1702,886
CC,1,1703,886
CC,1,1704,886
CC,1,1705,886
CC,1,1706,886
CC,1,1707,886
CC,1,1708,886
CC,1,1709,886
CC,1,1710,886
CC,1,1711,886
CC,1,1712,886
CC,1,1713,886
CC,1,1714,886
CC,1,1715,886
CC,1,1716,886
CC,1,1717,886
CC,1,1718,886
CC,1,1719,886
CC,1,1720,886
CC,1,1721,886
CC,1,1722,886
CC,1,1723,886
CC,1,1724,886
CC,1,1725,886
CC,1,1726,886
CC,1,1727,886
CC,1,1728,886
CC,1,1729,886
CC,1,1730,886
CC,1,1731,886
CC,1,1732,886
CC,1,1733,886
CC,1,1734,886
CC,1,1735,886
CC,1,1736,886
CC,1,1737,886
CC,1,1738,886
CC,1,1739,886
CC,1,1740,886
CC,1,1741,886
CC,1,1742,886
CC,1,1743,886
CC,1,1744,886
CC,1,1745,886
CC,1,1746,886
CC,1,1747,886
CC,1,1748,886
CC,1,1749,886
CC,1,1750,886
CC,1,1751,886
CC,1,1752,886
CC,1,1753,886
CC,1,1754,886
CC,1,1755,886
CC,1,1756,886
CC,1,1757,886
CC,1,1758,886
CC,1,1759,886
CC,1,1760,886
CC,1,1761,886
CC,1,1762,886
CC,1,1763,886
CC,1,1764,886
CC,1,1765,886
CC,1,1766,886
CC,1,1767,886
CC,1,1768,886
CC,1,1769,886
CC,1,1770,886
CC,1,1771,886
CC,1,1772,886
CC,1,1773,886
CC,1,1774,886
CC,1,1775,886
CC,1,1776,886
CC,1,1777,886
CC,1,1778,886
CC,1,1779,886
CC,1,1780,886
CC,1,1781,886
CC,1,1782,886
CC,1,1783,886
CC,1,1784,886
CC,1,1785,886
CC,1,1786,886
CC,1,1787,886
CC,1,1788,886
CC,1,1789,886
CC,1,1790,886
CC,1,1791,886
CC,1,1792,886
CC,1,1793,886
CC,1,1794,886
CC,1,1795,886
CC,1,1796,886
CC,1,1797,886
CC,1,1798,886
CC,1,1799,886
CC,1,1800,886
CC,1,1801,886
CC,1,1802,886
CC,1,1803,886
CC,1,1804,886
CC,1,1805,886
CC,1,1806,886
CC,1,1807,886
CC,1,1808,886
CC,1,1809,886
CC,1,1810,886
CC,1,1811,886
CC,1,1812,886
CC,1,1813,886
CC,1,1814,886
CC,1,1815,886
CC,1,1816,886
CC,1,1817,886
CC,1,1818,886
CC,1,1819,886
CC,1,1820,886
CC,1,1821,886
CC,1,1822,886
CC,1,1823,886
CC,1,1824,886
CC,1,1825,886
CC,1,1826,886
CC,1,1827,886
CC,1,1828,886
CC,1,1829,886
CC,1,1830,886
CC,1,1831,886
CC,1,1832,886
CC,1,1833,886
CC,1,1834,886
CC,1,1835,886
CC,1,1836,886
CC,1,1837,886
CC,1,1838,886
CC,1,1839,886
CC,1,1840,886
CC,1,1841,886
CC,1,1842,886
CC,1,1843,886
CC,1,1844,886
CC,1,1845,886
CC,1,1846,886
CC,1,1847,886
CC,1,1848,886
CC,1,1849,886
CC,1,1850,886
CC,1,1851,886
CC,1,1852,886
CC,1,1853,886
CC,1,1854,886
CC,1,1855,886
CC,1,1856,886
CC,1,1857,886
CC,1,1858,886
CC,1,1859,886
CC,1,1860,886
CC,1,1861,886
CC,1,1862,886
CC,1,1863,886
CC,1,1864,886
CC,1,1865,886
CC,1,1866,886
CC,1,1867,886
CC,1,1868,886
CC,1,1869,886
CC,1,1870,886
CC,1,1871,886
CC,1,1872,886
CC,1,1873,886
CC,1,1874,886
CC,1,1875,886
CC,1,1876,886
CC,1,1877,886
CC,1,1878,886
CC,1,1879,886
CC,1,1880,886
CC,1,1881,886
CC,1,1882,886
CC,1,1883,886
CC,1,1884,886
CC,1,1885,886
CC,1,1886,886
CC,1,1887,886
CC,1,1888,886
CC,1,1889,886
CC,1,1890,886
CC,1,1891,886
CC,1,1892,886
CC,1,1893,886
CC,1,1894,886
CC,1,1895,886
CC,1,1896,886
CC,1,1897,886
CC,1,1898,886
CC,1,1899,886
CC,1,1900,886
CC,1,1901,886
CC,1,1902,886
CC,1,1903,886
CC,1,1904,886
CC,1,1905,886
CC,1,1906,886
CC,1,1907,886
CC,1,1908,886
CC,1,1909,886
CC,1,1910,886
CC,1,1911,886
CC,1,1912,886
CC,1,1913,886
CC,1,1914,886
CC,1,1915,886
CC,1,1916,886
CC,1,1917,886
CC,1,1918,886
CC,1,1919,886
CC,1,1920,886
CC,1,1921,886
CC,1,1922,886
CC,1,1923,886
CC,1,1924,886
CC,1,1925,886
CC,1,1926,886
CC,1,1927,886
CC,1,1928,886
CC,1,1929,886
CC,1,1930,886
CC,1,1931,886
CC,1,1932,886
CC,1,1933,886
CC,1,1934,886
CC,1,1935,886
CC,1,1936,886
CC,1,1937,886
CC,1,1938,886
CC,1,1939,886
CC,1,1940,886
CC,1,1941,886
CC,1,1942,886
CC,1,1943,886
CC,1,1944,886
CC,1,1945,886
CC,1,1946,886
CC,1,1947,886
CC,1,1948,886
CC,1,1949,886
CC,1,1950,886
CC,1,1951,886
CC,1,1952,886
CC,1,1953,886
CC,1,1954,886
CC,1,1955,886
CC,1,1956,886
CC,1,1957,886
CC,1,1958,886
CC,1,1959,886
CC,1,1960,886
CC,1,1961,886
CC,1,1962,886
CC,1,1963,886
CC,1,1964,886
CC,1,1965,886
CC,1,1966,886
CC,1,1967,886
CC,1,1968,886
CC,1,1969,886
CC,1,1970,886
CC,1,1971,886
CC,1,1972,886
CC,1,1973,886
CC,1,1974,886
CC,1,1975,886
CC,1,1976,886
CC,1,1977,886
CC,1,1978,886
CC,1,1979,886
CC,1,1980,886
CC,1,1981,886
CC,1,1982,886
CC,1,1983,886
CC,1,1984,886
CC,1,1985,886
CC,1,1986,886
CC,1,1987,886
CC,1,1988,886
CC,1,1989,886
CC,1,1990,886
CC,1,1991,886
CC,1,1992,886
CC,1,1993,886
CC,1,1994,886
CC,1,1995,886
CC,1,1996,886
CC,1,1997,886
CC,1,1998,886
CC,1,1999,886
CC,1,2000,886
CC,1,2001,886
CC,1,2002,886
CC,1,2003,886
CC,1,2004,886
CC,1,2005,886
CC,1,2006,886
CC,1,2007,886
CC,1,2008,886
CC,1,2009,886
CC,1,2010,886
CC,1,2011,886
CC,1,2012,886
CC,1,2013,886
CC,1,2014,886
CC,1,2015,886
CC,1,2016,886
CC,1,2017,886
CC,1,2018,886
CC,1,2019,886
CC,1,2020,886
CC,1,2021,886
CC,1,2022,886
CC,1,2023,886
CC,1,2024,886
CC,1,2025,886
CC,1,2026,886
CC,1,2027,886
CC,1,2028,886
CC,1,2029,886
CC,1,2030,886
CC,1,2031,886
CC,1,2032,886
CC,1,2033,886
CC,1,2034,886
CC,1,2035,886
CC,1,2036,886
CC,1,2037,886
CC,1,2038,886
CC,1,2039,886
CC,1,2040,886
CC,1,2041,886
CC,1,2042,886
CC,1,2043,886
CC,1,2044,886
CC,1,2045,886
CC,1,2046,886
CC,1,2047,886
CC,1,2048,886
CC,1,2049,886
CC,1,2050,886
CC,1,2051,886
CC,1,2052,886
CC,1,2053,886
CC,1,2054,886
CC,1,2055,886
CC,1,2056,886
CC,1,2057,886
CC,1,2058,886
CC,1,2059,886
CC,1,2060,886
CC,1,2061,886
CC,1,2062,886
CC,1,2063,886
CC,1,2064,886
CC,1,2065,886
CC,1,2066,886
CC,1,2067,886
CC,1,2068,886
CC,1,2069,886
CC,1,2070,886
CC,1,2071,886
CC,1,2072,886
CC,1,2073,886
CC,1,2074,886
CC,1,2075,886
CC,1,2076,886
CC,1,2077,886
CC,1,2078,886
CC,1,2079,886
CC,1,2080,886
CC,1,2081,886
CC,1,2082,886
CC,1,2083,886
CC,1,2084,886
CC,1,2085,886
CC,1,2086,886
CC,1,2087,886
CC,1,2088,886
CC,1,2089,886
CC,1,2090,886
CC,1,2091,886
CC,1,2092,886
CC,1,2093,886
CC,1,2094,886
CC,1,2095,886
CC,1,2096,886
CC,1,2097,886
CC,1,2098,886
CC,1,2099,886
CC,1,2100,886
CC,1,2101,886
CC,1,2102,886
CC,1,2103,886
CC,1,2104,886
CC,1,2105,886
CC,1,2106,886
CC,1,2107,886
CC,1,2108,886
CC,1,2109,886
CC,1,2110,886
CC,1,2111,886
CC,1,2112,886
CC,1,2113,886
CC,1,2114,886
CC,1,2115,886
CC,1,2116,886
CC,1,2117,886
CC,1,2118,886
CC,1,2119,886
CC,1,2120,886
CC,1,2121,886
CC,1,2122,886
CC,1,2123,886
CC,1,2124,886
CC,1,2125,886
CC,1,2126,886
CC,1,2127,886
CC,1,2128,886
CC,1,2129,886
CC,1,2130,886
CC,1,2131,886
CC,1,2132,886
CC,1,2133,886
CC,1,2134,886
CC,1,2135,886
CC,1,2136,886
CC,1,2137,886
CC,1,2138,886
CC,1,2139,886
CC,1,2140,886
CC,1,2141,886
CC,1,2142,886
CC,1,2143,886
CC,1,2144,886
CC,1,2145,886
CC,1,2146,886
CC,1,2147,886
CC,1,2148,886
CC,1,2149,886
CC,1,2150,886
CC,1,2151,886
CC,1,2152,886
CC,1,2153,886
CC,1,2154,886
CC,1,2155,886
CC,1,2156,886
CC,1,2157,886
CC,1,2158,886
CC,1,2159,886
CC,1,2160,886
CC,1,2161,886
CC,1,2162,886
CC,1,2163,886
CC,1,2164,886
CC,1,2165,886
CC,1,2166,886
CC,1,2167,886
CC,1,2168,886
CC,1,2169,886
CC,1,2170,886
CC,1,2171,886
CC,1,2172,886
CC,1,2173,886
CC,1,2174,886
CC,1,2175,886
CC,1,2176,886
CC,1,2177,886
CC,1,2178,886
CC,1,2179,886
CC,1,2180,886
CC,1,2181,886
CC,1,2182,886
CC,1,2183,886
CC,1,2184,886
CC,1,2185,886
CC,1,2186,886
CC,1,2187,886
CC,1,2188,886
CC,1,2189,886
CC,1,2190,886
CC,1,2191,886
CC,1,2192,886
CC,1,2193,886
CC,1,2194,886
CC,1,2195,886
CC,1,2196,886
CC,1,2197,886
CC,1,2198,886
CC,1,2199,886
CC,1,2200,886
CC,1,2201,886
CC,1,2202,886
CC,1,2203,886
CC,1,2204,886
CC,1,2205,886
CC,1,2206,886
CC,1,2207,886
CC,1,2208,886
CC,1,2209,886
CC,1,2210,886
CC,1,2211,886
CC,1,2212,886
CC,1,2213,886
CC,1,2214,886
CC,1,2215,886
CC,1,2216,886
CC,1,2217,886
CC,1,2218,886
CC,1,2219,886
CC,1,2220,886
CC,1,2221,886
CC,1,2222,886
CC,1,2223,886
CC,1,2224,886
CC,1,2225,886
CC,1,2226,886
CC,1,2227,886
CC,1,2228,886
CC,1,2229,886
CC,1,2230,886
CC,1,2231,886
CC,1,2232,886
CC,1,2233,886
CC,1,2234,886
CC,1,2235,886
CC,1,2236,886
CC,1,2237,886
CC,1,2238,886
CC,1,2239,886
CC,1,2240,886
CC,1,2241,886
CC,1,2242,886
CC,1,2243,886
CC,1,2244,886
CC,1,2245,886
CC,1,2246,886
CC,1,2247,886
CC,1,2248,886
CC,1,2249,886
CC,1,2250,886
CC,1,2251,886
CC,1,2252,886
CC,1,2253,886
CC,1,2254,886
CC,1,2255,886
CC,1,2256,886
CC,1,2257,886
CC,1,2258,886
CC,1,2259,886
CC,1,2260,886
CC,1,2261,886
CC,1,2262,886
CC,1,2263,886
CC,1,2264,886
CC,1,2265,886
CC,1,2266,886
CC,1,2267,886
CC,1,2268,886
CC,1,2269,886
CC,1,2270,886
CC,1,2271,886
CC,1,2272,886
CC,1,2273,886
CC,1,2274,886
CC,1,2275,886
CC,1,2276,886
CC,1,2277,886
CC,1,2278,886
CC,1,2279,886
CC,1,2280,886
CC,1,2281,886
CC,1,2282,886
CC,1,2283,886
CC,1,2284,886
CC,1,2285,886
CC,1,2286,886
CC,1,2287,886
CC,1,2288,886
CC,1,2289,886
CC,1,2290,886
CC,1,2291,886
CC,1,2292,886
CC,1,2293,886
CC,1,2294,886
CC,1,2295,886
CC,1,2296,886
CC,1,2297,886
CC,1,2298,886
CC,1,2299,886
CC,1,2300,886
CC,1,2301,886
CC,1,2302,886
CC,1,2303,886
CC,1,2304,886
CC,1,2305,886
CC,1,2306,886
CC,1,2307,886
CC,1,2308,886
CC,1,2309,886
CC,1,2310,886
CC,1,2311,886
CC,1,2312,886
CC,1,2313,886
CC,1,2314,886
CC,1,2315,886
CC,1,2316,886
CC,1,2317,886
CC,1,2318,886
CC,1,2319,886
CC,1,2320,886
CC,1,2321,886
CC,1,2322,886
CC,1,2323,886
CC,1,2324,886
CC,1,2325,886
CC,1,2326,886
CC,1,2327,886
CC,1,2328,886
CC,1,2329,886
CC,1,2330,886
CC,1,2331,886
CC,1,2332,886
CC,1,2333,886
CC,1,2334,886
CC,1,2335,886
CC,1,2336,886
CC,1,2337,886
CC,1,2338,886
CC,1,2339,886
CC,1,2340,886
CC,1,2341,886
CC,1,2342,886
CC,1,2343,886
CC,1,2344,886
CC,1,2345,886
CC,1,2346,886
CC,1,2347,886
CC,1,2348,886
CC,1,2349,886
CC,1,2350,886
CC,1,2351,886
CC,1,2352,886
CC,1,2353,886
CC,1,2354,886
CC,1,2355,886
CC,1,2356,886
CC,1,2357,886
CC,1,2358,886
CC,1,2359,886
CC,1,2360,886
CC,1,2361,886
CC,1,2362,886
CC,1,2363,886
CC,1,2364,886
CC,1,2365,886
CC,1,2366,886
CC,1,2367,886
CC,1,2368,886
CC,1,2369,886
CC,1,2370,886
CC,1,2371,886
CC,1,2372,886
CC,1,2373,886
CC,1,2374,886
CC,1,2375,886
CC,1,2376,886
CC,1,2377,886
CC,1,2378,886
CC,1,2379,886
CC,1,2380,886
CC,1,2381,886
CC,1,2382,886
CC,1,2383,886
CC,1,2384,886
CC,1,2385,886
CC,1,2386,886
CC,1,2387,886
CC,1,2388,886
CC,1,2389,886
CC,1,2390,886
CC,1,2391,886
CC,1,2392,886
CC,1,2393,886
CC,1,2394,886
CC,1,2395,886
CC,1,2396,886
CC,1,2397,886
CC,1,2398,886
CC,1,2399,886
CC,1,2400,886
CC,1,2401,886
CC,1,2402,886
CC,1,2403,886
CC,1,2404,886
CC,1,2405,886
CC,1,2406,886
CC,1,2407,886
CC,1,2408,886
CC,1,2409,886
CC,1,2410,886
CC,1,2411,886
CC,1,2412,886
CC,1,2413,886
CC,1,2414,886
CC,1,2415,886
CC,1,2416,886
CC,1,2417,886
CC,1,2418,886
CC,1,2419,886
CC,1,2420,886
CC,1,2421,886
CC,1,2422,886
CC,1,2423,886
CC,1,2424,886
CC,1,2425,886
CC,1,2426,886
CC,1,2427,886
CC,1,2428,886
CC,1,2429,886
CC,1,2430,886
CC,1,2431,886
CC,1,2432,886
CC,1,2433,886
CC,1,2434,886
CC,1,2435,886
CC,1,2436,886
CC,1,2437,886
CC,1,2438,886
CC,1,2439,886
CC,1,2440,886
CC,1,2441,886
CC,1,2442,886
CC,1,2443,886
CC,1,2444,886
CC,1,2445,886
CC,1,2446,886
CC,1,2447,886
CC,1,2448,886
CC,1,2449,886
CC,1,2450,886
CC,1,2451,886
CC,1,2452,886
CC,1,2453,886
CC,1,2454,886
CC,1,2455,886
CC,1,2456,886
CC,1,2457,886
CC,1,2458,886
CC,1,2459,886
CC,1,2460,886
CC,1,2461,886
CC,1,2462,886
CC,1,2463,886
CC,1,2464,886
CC,1,2465,886
CC,1,2466,886
CC,1,2467,886
CC,1,2468,886
CC,1,2469,886
CC,1,2470,886
CC,1,2471,886
CC,1,2472,886
CC,1,2473,886
CC,1,2474,886
CC,1,2475,886
CC,1,2476,886
CC,1,2477,886
CC,1,2478,886
CC,1,2479,886
CC,1,2480,886
CC,1,2481,886
CC,1,2482,886
CC,1,2483,886
CC,1,2484,886
CC,1,2485,886
CC,1,2486,886
CC,1,2487,886
CC,1,2488,886
CC,1,2489,886
CC,1,2490,886
CC,1,2491,886
CC,1,2492,886
CC,1,2493,886
CC,1,2494,886
CC,1,2495,886
CC,1,2496,886
CC,1,2497,886
CC,1,2498,886
CC,1,2499,886
CC,1,2500,886
CC,1,2501,886
CC,1,2502,886
CC,1,2503,886
CC,1,2504,886
CC,1,2505,886
CC,1,2506,886
CC,1,2507,886
CC,1,2508,886
CC,1,2509,886
CC,1,2510,886
CC,1,2511,886
CC,1,2512,886
CC,1,2513,886
CC,1,2514,886
CC,1,2515,886
CC,1,2516,886
CC,1,2517,886
CC,1,2518,886
CC,1,2519,886
CC,1,2520,886
CC,1,2521,886
CC,1,2522,886
CC,1,2523,886
CC,1,2524,886
CC,1,2525,886
CC,1,2526,886
CC,1,2527,886
CC,1,2528,886
CC,1,2529,886
CC,1,2530,886
CC,1,2531,886
CC,1,2532,886
CC,1,2533,886
CC,1,2534,886
CC,1,2535,886
CC,1,2536,886
CC,1,2537,886
CC,1,2538,886
CC,1,2539,886
CC,1,2540,886
CC,1,2541,886
CC,1,2542,886
CC,1,2543,886
CC,1,2544,886
CC,1,2545,886
CC,1,2546,886
CC,1,2547,886
CC,1,2548,886
CC,1,2549,886
CC,1,2550,886
CC,1,2551,886
CC,1,2552,886
CC,1,2553,886
CC,1,2554,886
CC,1,2555,886
CC,1,2556,886
CC,1,2557,886
CC,1,2558,886
CC,1,2559,886
CC,1,2560,886
CC,1,2561,886
CC,1,2562,886
CC,1,2563,886
CC,1,2564,886
CC,1,2565,886
CC,1,2566,886
CC,1,2567,886
CC,1,2568,886
CC,1,2569,886
CC,1,2570,886
CC,1,2571,886
CC,1,2572,886
CC,1,2573,886
CC,1,2574,886
CC,1,2575,886
CC,1,2576,886
CC,1,2577,886
CC,1,2578,886
CC,1,2579,886
CC,1,2580,886
CC,1,2581,886
CC,1,2582,886
CC,1,2583,886
CC,1,2584,886
CC,1,2585,886
CC,1,2586,886
CC,1,2587,886
CC,1,2588,886
CC,1,2589,886
CC,1,2590,886
CC,1,2591,886
CC,1,2592,886
CC,1,2593,886
CC,1,2594,886
CC,1,2595,886
CC,1,2596,886
CC,1,2597,886
CC,1,2598,886
CC,1,2599,886
CC,1,2600,886
CC,1,2601,886
CC,1,2602,886
CC,1,2603,886
CC,1,2604,886
CC,1,2605,886
CC,1,2606,886
CC,1,2607,886
CC,1,2608,886
CC,1,2609,886
CC,1,2610,886
CC,1,2611,886
CC,1,2612,886
CC,1,2613,886
CC,1,2614,886
CC,1,2615,886
CC,1,2616,886
CC,1,2617,886
CC,1,2618,886
CC,1,2619,886
CC,1,2620,886
CC,1,2621,886
CC,1,2622,886
CC,1,2623,886
CC,1,2624,886
CC,1,2625,886
CC,1,2626,886
CC,1,2627,886
CC,1,2628,886
CC,1,2629,886
CC,1,2630,886
CC,1,2631,886
CC,1,2632,886
CC,1,2633,886
CC,1,2634,886
CC,1,2635,886
CC,1,2636,886
CC,1,2637,886
CC,1,2638,886
CC,1,2639,886
CC,1,2640,886
CC,1,2641,886
CC,1,2642,886
CC,1,2643,886
CC,1,2644,886
CC,1,2645,886
CC,1,2646,886
CC,1,2647,886
CC,1,2648,886
CC,1,2649,886
CC,1,2650,886
CC,1,2651,886
CC,1,2652,886
CC,1,2653,886
CC,1,2654,886
CC,1,2655,886
CC,1,2656,886
CC,1,2657,886
CC,1,2658,886
CC,1,2659,886
CC,1,2660,886
CC,1,2661,886
CC,1,2662,886
CC,1,2663,886
CC,1,2664,886
CC,1,2665,886
CC,1,2666,886
CC,1,2667,886
CC,1,2668,886
CC,1,2669,886
CC,1,2670,886
CC,1,2671,886
CC,1,2672,886
CC,1,2673,886
CC,1,2674,886
CC,1,2675,886
CC,1,2676,886
CC,1,2677,886
CC,1,2678,886
CC,1,2679,886
CC,1,2680,886
CC,1,2681,886
CC,1,2682,886
CC,1,2683,886
CC,1,2684,886
CC,1,2685,886
CC,1,2686,886
CC,1,2687,886
CC,1,2688,886
CC,1,2689,886
CC,1,2690,886
CC,1,2691,886
CC,1,2692,886
CC,1,2693,886
CC,1,2694,886
CC,1,2695,886
CC,1,2696,886
CC,1,2697,886
CC,1,2698,886
CC,1,2699,886
CC,1,2700,886
CC,1,2701,886
CC,1,2702,886
CC,1,2703,886
CC,1,2704,886
CC,1,2705,886
CC,1,2706,886
CC,1,2707,886
CC,1,2708,886
CC,1,2709,886
CC,1,2710,886
CC,1,2711,886
CC,1,2712,886
CC,1,2713,886
CC,1,2714,886
CC,1,2715,886
CC,1,2716,886
CC,1,2717,886
CC,1,2718,886
CC,1,2719,886
CC,1,2720,886
CC,1,2721,886
CC,1,2722,886
CC,1,2723,886
CC,1,2724,886
CC,1,2725,886
CC,1,2726,886
CC,1,2727,886
CC,1,2728,886
CC,1,2729,886
CC,1,2730,886
CC,1,2731,886
CC,1,2732,886
CC,1,2733,886
CC,1,2734,886
CC,1,2735,886
CC,1,2736,886
CC,1,2737,886
CC,1,2738,886
CC,1,2739,886
CC,1,2740,886
CC,1,2741,886
CC,1,2742,886
CC,1,2743,886
CC,1,2744,886
CC,1,2745,886
CC,1,2746,886
CC,1,2747,886
CC,1,2748,886
CC,1,2749,886
CC,1,2750,886
CC,1,2751,886
CC,1,2752,886
CC,1,2753,886
CC,1,2754,886
CC,1,2755,886
CC,1,2756,886
CC,1,2757,886
CC,1,2758,886
CC,1,2759,886
CC,1,2760,886
CC,1,2761,886
CC,1,2762,886
CC,1,2763,886
CC,1,2764,886
CC,1,2765,886
CC,1,2766,886
CC,1,2767,886
CC,1,2768,886
CC,1,2769,886
CC,1,2770,886
CC,1,2771,886
CC,1,2772,886
CC,1,2773,886
CC,1,2774,886
CC,1,2775,886
CC,1,2776,886
CC,1,2777,886
CC,1,2778,886
CC,1,2779,886
CC,1,2780,886
CC,1,2781,886
CC,1,2782,886
CC,1,2783,886
CC,1,2784,886
CC,1,2785,886
CC,1,2786,886
CC,1,2787,886
CC,1,2788,886
CC,1,2789,886
CC,1,2790,886
CC,1,2791,886
CC,1,2792,886
CC,1,2793,886
CC,1,2794,886
CC,1,2795,886
CC,1,2796,886
CC,1,2797,886
CC,1,2798,886
CC,1,2799,886
CC,1,2800,886
CC,1,2801,886
CC,1,2802,886
CC,1,2803,886
CC,1,2804,886
CC,1,2805,886
CC,1,2806,886
CC,1,2807,886
CC,1,2808,886
CC,1,2809,886
CC,1,2810,886
CC,1,2811,886
CC,1,2812,886
CC,1,2813,886
CC,1,2814,886
CC,1,2815,886
CC,1,2816,886
CC,1,2817,886
CC,1,2818,886
CC,1,2819,886
CC,1,2820,886
CC,1,2821,886
CC,1,2822,886
CC,1,2823,886
CC,1,2824,886
CC,1,2825,886
CC,1,2826,886
CC,1,2827,886
CC,1,2828,886
CC,1,2829,886
CC,1,2830,886
CC,1,2831,886
CC,1,2832,886
CC,1,2833,886
CC,1,2834,886
CC,1,2835,886
CC,1,2836,886
CC,1,2837,886
CC,1,2838,886
CC,1,2839,886
CC,1,2840,886
CC,1,2841,886
CC,1,2842,886
CC,1,2843,886
CC,1,2844,886
CC,1,2845,886
CC,1,2846,886
CC,1,2847,886
CC,1,2848,886
CC,1,2849,886
CC,1,2850,886
CC,1,2851,886
CC,1,2852,886
CC,1,2853,886
CC,1,2854,886
CC,1,2855,886
CC,1,2856,886
CC,1,2857,886
CC,1,2858,886
CC,1,2859,886
CC,1,2860,886
CC,1,2861,886
CC,1,2862,886
CC,1,2863,886
CC,1,2864,886
CC,1,2865,886
CC,1,2866,886
CC,1,2867,886
CC,1,2868,886
CC,1,2869,886
CC,1,2870,886
CC,1,2871,886
CC,1,2872,886
CC,1,2873,886
CC,1,2874,886
CC,1,2875,886
CC,1,2876,886
CC,1,2877,886
CC,1,2878,886
CC,1,2879,886
CC,1,2880,886
CC,1,2881,886
CC,1,2882,886
CC,1,2883,886
CC,1,2884,886
CC,1,2885,886
CC,1,2886,886
CC,1,2887,886
CC,1,2888,886
CC,1,2889,886
CC,1,2890,886
CC,1,2891,886
CC,1,2892,886
CC,1,2893,886
CC,1,2894,886
CC,1,2895,886
CC,1,2896,886
CC,1,2897,886
CC,1,2898,886
CC,1,2899,886
CC,1,2900,886
CC,1,2901,886
CC,1,2902,886
CC,1,2903,886
CC,1,2904,886
CC,1,2905,886
CC,1,2906,886
CC,1,2907,886
CC,1,2908,886
CC,1,2909,886
CC,1,2910,886
CC,1,2911,886
CC,1,2912,886
CC,1,2913,886
CC,1,2914,886
CC,1,2915,886
CC,1,2916,886
CC,1,2917,886
CC,1,2918,886
CC,1,2919,886
CC,1,2920,886
CC,1,2921,886
CC,1,2922,886
CC,1,2923,886
CC,1,2924,886
CC,1,2925,886
CC,1,2926,886
CC,1,2927,886
CC,1,2928,886
CC,1,2929,886
CC,1,2930,886
CC,1,2931,886
CC,1,2932,886
CC,1,2933,886
CC,1,2934,886
CC,1,2935,886
CC,1,2936,886
CC,1,2937,886
CC,1,2938,886
CC,1,2939,886
CC,1,2940,886
CC,1,2941,886
CC,1,2942,886
CC,1,2943,886
CC,1,2944,886
CC,1,2945,886
CC,1,2946,886
CC,1,2947,886
CC,1,2948,886
CC,1,2949,886
CC,1,2950,886
CC,1,2951,886
CC,1,2952,886
CC,1,2953,886
CC,1,2954,886
CC,1,2955,886
CC,1,2956,886
CC,1,2957,886
CC,1,2958,886
CC,1,2959,886
CC,1,2960,886
CC,1,2961,886
CC,1,2962,886
CC,1,2963,886
CC,1,2964,886
CC,1,2965,886
CC,1,2966,886
CC,1,2967,886
CC,1,2968,886
CC,1,2969,886
CC,1,2970,886
CC,1,2971,886
CC,1,2972,886
CC,1,2973,886
CC,1,2974,886
CC,1,2975,886
CC,1,2976,886
CC,1,2977,886
CC,1,2978,886
CC,1,2979,886
CC,1,2980,886
CC,1,2981,886
CC,1,2982,886
CC,1,2983,886
CC,1,2984,886
CC,1,2985,886
CC,1,2986,886
CC,1,2987,886
CC,1,2988,886
CC,1,2989,886
CC,1,2990,886
CC,1,2991,886
CC,1,2992,886
CC,1,2993,886
CC,1,2994,886
CC,1,2995,886
CC,1,2996,886
CC,1,2997,886
CC,1,2998,886
CC,1,2999,886
CC,1,3000,886
CC,1,3001,886
CC,1,3002,886
CC,1,3003,886
CC,1,3004,886
CC,1,3005,886
CC,1,3006,886
CC,1,3007,886
CC,1,3008,886
CC,1,3009,886
CC,1,3010,886
CC,1,3011,886
CC,1,3012,886
CC,1,3013,886
CC,1,3014,886
CC,1,3015,886
CC,1,3016,886
CC,1,3017,886
CC,1,3018,886
CC,1,3019,886
CC,1,3020,886
CC,1,3021,886
CC,1,3022,886
CC,1,3023,886
CC,1,3024,886
CC,1,3025,886
CC,1,3026,886
CC,1,3027,886
CC,1,3028,886
CC,1,3029,886
CC,1,3030,886
CC,1,3031,886
CC,1,3032,886
CC,1,3033,886
CC,1,3034,886
CC,1,3035,886
CC,1,3036,886
CC,1,3037,886
CC,1,3038,886
CC,1,3039,886
CC,1,3040,886
CC,1,3041,886
CC,1,3042,886
CC,1,3043,886
CC,1,3044,886
CC,1,3045,886
CC,1,3046,886
CC,1,3047,886
CC,1,3048,886
CC,1,3049,886
CC,1,3050,886
CC,1,3051,886
CC,1,3052,886
CC,1,3053,886
CC,1,3054,886
CC,1,3055,886
CC,1,3056,886
CC,1,3057,886
CC,1,3058,886
CC,1,3059,886
CC,1,3060,886
CC,1,3061,886
CC,1,3062,886
CC,1,3063,886
CC,1,3064,886
CC,1,3065,886
CC,1,3066,886
CC,1,3067,886
CC,1,3068,886
CC,1,3069,886
CC,1,3070,886
CC,1,3071,886
CC,1,3072,886
CC,1,3073,886
CC,1,3074,886
CC,1,3075,886
CC,1,3076,886
CC,1,3077,886
CC,1,3078,886
CC,1,3079,886
CC,1,3080,886
CC,1,3081,886
CC,1,3082,886
CC,1,3083,886
CC,1,3084,886
CC,1,3085,886
CC,1,3086,886
CC,1,3087,886
CC,1,3088,886
CC,1,3089,886
CC,1,3090,886
CC,1,3091,886
CC,1,3092,886
CC,1,3093,886
CC,1,3094,886
CC,1,3095,886
CC,1,3096,886
CC,1,3097,886
CC,1,3098,886
CC,1,3099,886
CC,1,3100,886
CC,1,3101,886
CC,1,3102,886
CC,1,3103,886
CC,1,3104,886
CC,1,3105,886
CC,1,3106,886
CC,1,3107,886
CC,1,3108,886
CC,1,3109,886
CC,1,3110,886
CC,1,3111,886
CC,1,3112,886
CC,1,3113,886
CC,1,3114,886
CC,1,3115,886
CC,1,3116,886
CC,1,3117,886
CC,1,3118,886
CC,1,3119,886
CC,1,3120,886
CC,1,3121,886
CC,1,3122,886
CC,1,3123,886
CC,1,3124,886
CC,1,3125,886
CC,1,3126,886
CC,1,3127,886
CC,1,3128,886
CC,1,3129,886
CC,1,3130,886
CC,1,3131,886
CC,1,3132,886
CC,1,3133,886
CC,1,3134,886
CC,1,3135,886
CC,1,3136,886
CC,1,3137,886
CC,1,3138,886
CC,1,3139,886
CC,1,3140,886
CC,1,3141,886
CC,1,3142,886
CC,1,3143,886
CC,1,3144,886
CC,1,3145,886
CC,1,3146,886
CC,1,3147,886
CC,1,3148,886
CC,1,3149,886
CC,1,3150,886
CC,1,3151,886
CC,1,3152,886
CC,1,3153,886
CC,1,3154,886
CC,1,3155,886
CC,1,3156,886
CC,1,3157,886
CC,1,3158,886
CC,1,3159,886
CC,1,3160,886
CC,1,3161,886
CC,1,3162,886
CC,1,3163,886
CC,1,3164,886
CC,1,3165,886
CC,1,3166,886
CC,1,3167,886
CC,1,3168,886
CC,1,3169,886
CC,1,3170,886
CC,1,3171,886
CC,1,3172,886
CC,1,3173,886
CC,1,3174,886
CC,1,3175,886
CC,1,3176,886
CC,1,3177,886
CC,1,3178,886
CC,1,3179,886
CC,1,3180,886
CC,1,3181,886
CC,1,3182,886
CC,1,3183,886
CC,1,3184,886
CC,1,3185,886
CC,1,3186,886
CC,1,3187,886
CC,1,3188,886
CC,1,3189,886
CC,1,3190,886
CC,1,3191,886
CC,1,3192,886
CC,1,3193,886
CC,1,3194,886
CC,1,3195,886
CC,1,3196,886
CC,1,3197,886
CC,1,3198,886
CC,1,3199,886
CC,1,3200,886
CC,1,3201,886
CC,1,3202,886
CC,1,3203,886
CC,1,3204,886
CC,1,3205,886
CC,1,3206,886
CC,1,3207,886
CC,1,3208,886
CC,1,3209,886
CC,1,3210,886
CC,1,3211,886
CC,1,3212,886
CC,1,3213,886
CC,1,3214,886
CC,1,3215,886
CC,1,3216,886
CC,1,3217,886
CC,1,3218,886
CC,1,3219,886
CC,1,3220,886
CC,1,3221,886
CC,1,3222,886
CC,1,3223,886
CC,1,3224,886
CC,1,3225,886
CC,1,3226,886
CC,1,3227,886
CC,1,3228,886
CC,1,3229,886
CC,1,3230,886
CC,1,3231,886
CC,1,3232,886
CC,1,3233,886
CC,1,3234,886
CC,1,3235,886
CC,1,3236,886
CC,1,3237,886
CC,1,3238,886
CC,1,3239,886
CC,1,3240,886
CC,1,3241,886
CC,1,3242,886
CC,1,3243,886
CC,1,3244,886
CC,1,3245,886
CC,1,3246,886
CC,1,3247,886
CC,1,3248,886
CC,1,3249,886
CC,1,3250,886
CC,1,3251,886
CC,1,3252,886
CC,1,3253,886
CC,1,3254,886
CC,1,3255,886
CC,1,3256,886
CC,1,3257,886
CC,1,3258,886
CC,1,3259,886
CC,1,3260,886
CC,1,3261,886
CC,1,3262,886
CC,1,3263,886
CC,1,3264,886
CC,1,3265,886
CC,1,3266,886
CC,1,3267,886
CC,1,3268,886
CC,1,3269,886
CC,1,3270,886
CC,1,3271,886
CC,1,3272,886
CC,1,3273,886
CC,1,3274,886
CC,1,3275,886
CC,1,3276,886
CC,1,3277,886
CC,1,3278,886
CC,1,3279,886
CC,1,3280,886
CC,1,3281,886
CC,1,3282,886
CC,1,3283,886
CC,1,3284,886
CC,1,3285,886
CC,1,3286,886
CC,1,3287,886
CC,1,3288,886
CC,1,3289,886
CC,1,3290,886
CC,1,3291,886
CC,1,3292,886
CC,1,3293,886
CC,1,3294,886
CC,1,3295,886
CC,1,3296,886
CC,1,3297,886
CC,1,3298,886
CC,1,3299,886
CC,1,3300,886
CC,1,3301,886
CC,1,3302,886
CC,1,3303,886
CC,1,3304,886
CC,1,3305,886
CC,1,3306,886
CC,1,3307,886
CC,1,3308,886
CC,1,3309,886
CC,1,3310,886
CC,1,3311,886
CC,1,3312,886
CC,1,3313,886
CC,1,3314,886
CC,1,3315,886
CC,1,3316,886
CC,1,3317,886
CC,1,3318,886
CC,1,3319,886
CC,1,3320,886
CC,1,3321,886
CC,1,3322,886
CC,1,3323,886
CC,1,3324,886
CC,1,3325,886
CC,1,3326,886
CC,1,3327,886
CC,1,3328,886
CC,1,3329,886
CC,1,3330,886
CC,1,3331,886
CC,1,3332,886
CC,1,3333,886
CC,1,3334,886
CC,1,3335,886
CC,1,3336,886
CC,1,3337,886
CC,1,3338,886
CC,1,3339,886
CC,1,3340,886
CC,1,3341,886
CC,1,3342,886
CC,1,3343,886
CC,1,3344,886
CC,1,3345,886
CC,1,3346,886
CC,1,3347,886
CC,1,3348,886
CC,1,3349,886
CC,1,3350,886
CC,1,3351,886
CC,1,3352,886
CC,1,3353,886
CC,1,3354,886
CC,1,3355,886
CC,1,3356,886
CC,1,3357,886
CC,1,3358,886
CC,1,3359,886
CC,1,3360,886
CC,1,3361,886
CC,1,3362,886
CC,1,3363,886
CC,1,3364,886
CC,1,3365,886
CC,1,3366,886
CC,1,3367,886
CC,1,3368,886
CC,1,3369,886
CC,1,3370,886
CC,1,3371,886
CC,1,3372,886
CC,1,3373,886
CC,1,3374,886
CC,1,3375,886
CC,1,3376,886
CC,1,3377,886
CC,1,3378,886
CC,1,3379,886
CC,1,3380,886
CC,1,3381,886
CC,1,3382,886
CC,1,3383,886
CC,1,3384,886
CC,1,3385,886
CC,1,3386,886
CC,1,3387,886
CC,1,3388,886
CC,1,3389,886
CC,1,3390,886
CC,1,3391,886
CC,1,3392,886
CC,1,3393,886
CC,1,3394,886
CC,1,3395,886
CC,1,3396,886
CC,1,3397,886
CC,1,3398,886
CC,1,3399,886
CC,1,3400,886
CC,1,3401,886
CC,1,3402,886
CC,1,3403,886
CC,1,3404,886
CC,1,3405,886
CC,1,3406,886
CC,1,3407,886
CC,1,3408,886
CC,1,3409,886
CC,1,3410,886
CC,1,3411,886
CC,1,3412,886
CC,1,3413,886
CC,1,3414,886
CC,1,3415,886
CC,1,3416,886
CC,1,3417,886
CC,1,3418,886
CC,1,3419,886
CC,1,3420,886
CC,1,3421,886
CC,1,3422,886
CC,1,3423,886
CC,1,3424,886
CC,1,3425,886
CC,1,3426,886
CC,1,3427,886
CC,1,3428,886
CC,1,3429,886
CC,1,3430,886
CC,1,3431,886
CC,1,3432,886
CC,1,3433,886
CC,1,3434,886
CC,1,3435,886
CC,1,3436,886
CC,1,3437,886
CC,1,3438,886
CC,1,3439,886
CC,1,3440,886
CC,1,3441,886
CC,1,3442,886
CC,1,3443,886
CC,1,3444,886
CC,1,3445,886
CC,1,3446,886
CC,1,3447,886
CC,1,3448,886
CC,1,3449,886
CC,1,3450,886
CC,1,3451,886
CC,1,3452,886
CC,1,3453,886
CC,1,3454,886
CC,1,3455,886
CC,1,3456,886
CC,1,3457,886
CC,1,3458,886
CC,1,3459,886
CC,1,3460,886
CC,1,3461,886
CC,1,3462,886
CC,1,3463,886
CC,1,3464,886
CC,1,3465,886
CC,1,3466,886
CC,1,3467,886
CC,1,3468,886
CC,1,3469,886
CC,1,3470,886
CC,1,3471,886
CC,1,3472,886
CC,1,3473,886
CC,1,3474,886
CC,1,3475,886
CC,1,3476,886
CC,1,3477,886
CC,1,3478,886
CC,1,3479,886
CC,1,3480,886
CC,1,3481,886
CC,1,3482,886
CC,1,3483,886
CC,1,3484,886
CC,1,3485,886
CC,1,3486,886
CC,1,3487,886
CC,1,3488,886
CC,1,3489,886
CC,1,3490,886
CC,1,3491,886
CC,1,3492,886
CC,1,3493,886
CC,1,3494,886
CC,1,3495,886
CC,1,3496,886
CC,1,3497,886
CC,1,3498,886
CC,1,3499,886
CC,1,3500,886
CC,1,3501,886
CC,1,3502,886
CC,1,3503,886
CC,1,3504,886
CC,1,3505,886
CC,1,3506,886
CC,1,3507,886
CC,1,3508,886
CC,1,3509,886
CC,1,3510,886
CC,1,3511,886
CC,1,3512,886
CC,1,3513,886
CC,1,3514,886
CC,1,3515,886
CC,1,3516,886
CC,1,3517,886
CC,1,3518,886
CC,1,3519,886
CC,1,3520,886
CC,1,3521,886
CC,1,3522,886
CC,1,3523,886
CC,1,3524,886
CC,1,3525,886
CC,1,3526,886
CC,1,3527,886
CC,1,3528,886
CC,1,3529,886
CC,1,3530,886
CC,1,3531,886
CC,1,3532,886
CC,1,3533,886
CC,1,3534,886
CC,1,3535,886
CC,1,3536,886
CC,1,3537,886
CC,1,3538,886
CC,1,3539,886
CC,1,3540,886
CC,1,3541,886
CC,1,3542,886
CC,1,3543,886
CC,1,3544,886
CC,1,3545,886
CC,1,3546,886
CC,1,3547,886
CC,1,3548,886
CC,1,3549,886
CC,1,3550,886
CC,1,3551,886
CC,1,3552,886
CC,1,3553,886
CC,1,3554,886
CC,1,3555,886
CC,1,3556,886
CC,1,3557,886
CC,1,3558,886
CC,1,3559,886
CC,1,3560,886
CC,1,3561,886
CC,1,3562,886
CC,1,3563,886
CC,1,3564,886
CC,1,3565,886
CC,1,3566,886
CC,1,3567,886
CC,1,3568,886
CC,1,3569,886
CC,1,3570,886
CC,1,3571,886
CC,1,3572,886
CC,1,3573,886
CC,1,3574,886
CC,1,3575,886
CC,1,3576,886
CC,1,3577,886
CC,1,3578,886
CC,1,3579,886
CC,1,3580,886
CC,1,3581,886
CC,1,3582,886
CC,1,3583,886
CC,1,3584,886
CC,1,3585,886
CC,1,3586,886
CC,1,3587,886
CC,1,3588,886
CC,1,3589,886
CC,1,3590,886
CC,1,3591,886
CC,1,3592,886
CC,1,3593,886
CC,1,3594,886
CC,1,3595,886
CC,1,3596,886
CC,1,3597,886
CC,1,3598,886
CC,1,3599,886
CC,1,3600,886
CC,1,3601,886
CC,1,3602,886
CC,1,3603,886
CC,1,3604,886
CC,1,3605,886
CC,1,3606,886
CC,1,3607,886
CC,1,3608,886
CC,1,3609,886
CC,1,3610,886
CC,1,3611,886
CC,1,3612,886
CC,1,3613,886
CC,1,3614,886
CC,1,3615,886
CC,1,3616,886
CC,1,3617,886
CC,1,3618,886
CC,1,3619,886
CC,1,3620,886
CC,1,3621,886
CC,1,3622,886
CC,1,3623,886
CC,1,3624,886
CC,1,3625,886
CC,1,3626,886
CC,1,3627,886
CC,1,3628,886
CC,1,3629,886
CC,1,3630,886
CC,1,3631,886
CC,1,3632,886
CC,1,3633,886
CC,1,3634,886
CC,1,3635,886
CC,1,3636,886
CC,1,3637,886
CC,1,3638,886
CC,1,3639,886
CC,1,3640,886
CC,1,3641,886
CC,1,3642,886
CC,1,3643,886
CC,1,3644,886
CC,1,3645,886
CC,1,3646,886
CC,1,3647,886
CC,1,3648,886
CC,1,3649,886
CC,1,3650,886
CC,1,3651,886
CC,1,3652,886
CC,1,3653,886
CC,1,3654,886
CC,1,3655,886
CC,1,3656,886
CC,1,3657,886
CC,1,3658,886
CC,1,3659,886
CC,1,3660,886
CC,1,3661,886
CC,1,3662,886
CC,1,3663,886
CC,1,3664,886
CC,1,3665,886
CC,1,3666,886
CC,1,3667,886
CC,1,3668,886
CC,1,3669,886
CC,1,3670,886
CC,1,3671,886
CC,1,3672,886
CC,1,3673,886
CC,1,3674,886
CC,1,3675,886
CC,1,3676,886
CC,1,3677,886
CC,1,3678,886
CC,1,3679,886
CC,1,3680,886
CC,1,3681,886
CC,1,3682,886
CC,1,3683,886
CC,1,3684,886
CC,1,3685,886
CC,1,3686,886
CC,1,3687,886
CC,1,3688,886
CC,1,3689,886
CC,1,3690,886
CC,1,3691,886
CC,1,3692,886
CC,1,3693,886
CC,1,3694,886
CC,1,3695,886
CC,1,3696,886
CC,1,3697,886
CC,1,3698,886
CC,1,3699,886
CC,1,3700,886
CC,1,3701,886
CC,1,3702,886
CC,1,3703,886
CC,1,3704,886
CC,1,3705,886
CC,1,3706,886
CC,1,3707,886
CC,1,3708,886
CC,1,3709,886
CC,1,3710,886
CC,1,3711,886
CC,1,3712,886
CC,1,3713,886
CC,1,3714,886
CC,1,3715,886
CC,1,3716,886
CC,1,3717,886
CC,1,3718,886
CC,1,3719,886
CC,1,3720,886
CC,1,3721,886
CC,1,3722,886
CC,1,3723,886
CC,1,3724,886
CC,1,3725,886
CC,1,3726,886
CC,1,3727,886
CC,1,3728,886
CC,1,3729,886
CC,1,3730,886
CC,1,3731,886
CC,1,3732,886
CC,1,3733,886
CC,1,3734,886
CC,1,3735,886
CC,1,3736,886
CC,1,3737,886
CC,1,3738,886
CC,1,3739,886
CC,1,3740,886
CC,1,3741,886
CC,1,3742,886
CC,1,3743,886
CC,1,3744,886
CC,1,3745,886
CC,1,3746,886
CC,1,3747,886
CC,1,3748,886
CC,1,3749,886
CC,1,3750,886
CC,1,3751,886
CC,1,3752,886
CC,1,3753,886
CC,1,3754,886
CC,1,3755,886
CC,1,3756,886
CC,1,3757,886
CC,1,3758,886
CC,1,3759,886
CC,1,3760,886
CC,1,3761,886
CC,1,3762,886
CC,1,3763,886
CC,1,3764,886
CC,1,3765,886
CC,1,3766,886
CC,1,3767,886
CC,1,3768,886
CC,1,3769,886
CC,1,3770,886
CC,1,3771,886
CC,1,3772,886
CC,1,3773,886
CC,1,3774,886
CC,1,3775,886
CC,1,3776,886
CC,1,3777,886
CC,1,3778,886
CC,1,3779,886
CC,1,3780,886
CC,1,3781,886
CC,1,3782,886
CC,1,3783,886
CC,1,3784,886
CC,1,3785,886
CC,1,3786,886
CC,1,3787,886
CC,1,3788,886
CC,1,3789,886
CC,1,3790,886
CC,1,3791,886
CC,1,3792,886
CC,1,3793,886
CC,1,3794,886
CC,1,3795,886
CC,1,3796,886
CC,1,3797,886
CC,1,3798,886
CC,1,3799,886
CC,1,3800,886
CC,1,3801,886
CC,1,3802,886
CC,1,3803,886
CC,1,3804,886
CC,1,3805,886
CC,1,3806,886
CC,1,3807,886
CC,1,3808,886
CC,1,3809,886
CC,1,3810,886
CC,1,3811,886
CC,1,3812,886
CC,1,3813,886
CC,1,3814,886
CC,1,3815,886
CC,1,3816,886
CC,1,3817,886
CC,1,3818,886
CC,1,3819,886
CC,1,3820,886
CC,1,3821,886
CC,1,3822,886
CC,1,3823,886
CC,1,3824,886
CC,1,3825,886
CC,1,3826,886
CC,1,3827,886
CC,1,3828,886
CC,1,3829,886
CC,1,3830,886
CC,1,3831,886
CC,1,3832,886
CC,1,3833,886
CC,1,3834,886
CC,1,3835,886
CC,1,3836,886
CC,1,3837,886
CC,1,3838,886
CC,1,3839,886
CC,1,3840,886
CC,1,3841,886
CC,1,3842,886
CC,1,3843,886
CC,1,3844,886
CC,1,3845,886
CC,1,3846,886
CC,1,3847,886
CC,1,3848,886
CC,1,3849,886
CC,1,3850,886
CC,1,3851,886
CC,1,3852,886
CC,1,3853,886
CC,1,3854,886
CC,1,3855,886
CC,1,3856,886
CC,1,3857,886
CC,1,3858,886
CC,1,3859,886
CC,1,3860,886
CC,1,3861,886
CC,1,3862,886
CC,1,3863,886
CC,1,3864,886
CC,1,3865,886
CC,1,3866,886
CC,1,3867,886
CC,1,3868,886
CC,1,3869,886
CC,1,3870,886
CC,1,3871,886
CC,1,3872,886
CC,1,3873,886
CC,1,3874,886
CC,1,3875,886
CC,1,3876,886
CC,1,3877,886
CC,1,3878,886
CC,1,3879,886
CC,1,3880,886
CC,1,3881,886
CC,1,3882,886
CC,1,3883,886
CC,1,3884,886
CC,1,3885,886
CC,1,3886,886
CC,1,3887,886
CC,1,3888,886
CC,1,3889,886
CC,1,3890,886
CC,1,3891,886
CC,1,3892,886
CC,1,3893,886
CC,1,3894,886
CC,1,3895,886
CC,1,3896,886
CC,1,3897,886
CC,1,3898,886
CC,1,3899,886
CC,1,3900,886
CC,1,3901,886
CC,1,3902,886
CC,1,3903,886
CC,1,3904,886
CC,1,3905,886
CC,1,3906,886
CC,1,3907,886
CC,1,3908,886
CC,1,3909,886
CC,1,3910,886
CC,1,3911,886
CC,1,3912,886
CC,1,3913,886
CC,1,3914,886
CC,1,3915,886
CC,1,3916,886
CC,1,3917,886
CC,1,3918,886
CC,1,3919,886
CC,1,3920,886
CC,1,3921,886
CC,1,3922,886
CC,1,3923,886
CC,1,3924,886
CC,1,3925,886
CC,1,3926,886
CC,1,3927,886
CC,1,3928,886
CC,1,3929,886
CC,1,3930,886
CC,1,3931,886
CC,1,3932,886
CC,1,3933,886
CC,1,3934,886
CC,1,3935,886
CC,1,3936,886
CC,1,3937,886
CC,1,3938,886
CC,1,3939,886
CC,1,3940,886
CC,1,3941,886
CC,1,3942,886
CC,1,3943,886
CC,1,3944,886
CC,1,3945,886
CC,1,3946,886
CC,1,3947,886
CC,1,3948,886
CC,1,3949,886
CC,1,3950,886
CC,1,3951,886
CC,1,3952,886
CC,1,3953,886
CC,1,3954,886
CC,1,3955,886
CC,1,3956,886
CC,1,3957,886
CC,1,3958,886
CC,1,3959,886
CC,1,3960,886
CC,1,3961,886
CC,1,3962,886
CC,1,3963,886
CC,1,3964,886
CC,1,3965,886
CC,1,3966,886
CC,1,3967,886
CC,1,3968,886
CC,1,3969,886
CC,1,3970,886
CC,1,3971,886
CC,1,3972,886
CC,1,3973,886
CC,1,3974,886
CC,1,3975,886
CC,1,3976,886
CC,1,3977,886
CC,1,3978,886
CC,1,3979,886
CC,1,3980,886
CC,1,3981,886
CC,1,3982,886
CC,1,3983,886
CC,1,3984,886
CC,1,3985,886
CC,1,3986,886
CC,1,3987,886
CC,1,3988,886
CC,1,3989,886
CC,1,3990,886
CC,1,3991,886
CC,1,3992,886
CC,1,3993,886
CC,1,3994,886
CC,1,3995,886
CC,1,3996,886
CC,1,3997,886
CC,1,3998,886
CC,1,3999,886
CC,1,4000,886
CC,1,4001,886
CC,1,4002,886
CC,1,4003,886
CC,1,4004,886
CC,1,4005,886
CC,1,4006,886
CC,1,4007,886
CC,1,4008,886
CC,1,4009,886
CC,1,4010,886
CC,1,4011,886
CC,1,4012,886
CC,1,4013,886
CC,1,4014,886
CC,1,4015,886
CC,1,4016,886
CC,1,4017,886
CC,1,4018,886
CC,1,4019,886
CC,1,4020,886
CC,1,4021,886
CC,1,4022,886
CC,1,4023,886
CC,1,4024,886
CC,1,4025,886
CC,1,4026,886
CC,1,4027,886
CC,1,4028,886
CC,1,4029,886
CC,1,4030,886
CC,1,4031,886
CC,1,4032,886
CC,1,4033,886
CC,1,4034,886
CC,1,4035,886
CC,1,4036,886
CC,1,4037,886
CC,1,4038,886
CC,1,4039,886
CC,1,4040,886
CC,1,4041,886
CC,1,4042,886
CC,1,4043,886
CC,1,4044,886
CC,1,4045,886
CC,1,4046,886
CC,1,4047,886
CC,1,4048,886
CC,1,4049,886
CC,1,4050,886
CC,1,4051,886
CC,1,4052,886
CC,1,4053,886
CC,1,4054,886
CC,1,4055,886
CC,1,4056,886
CC,1,4057,886
CC,1,4058,886
CC,1,4059,886
CC,1,4060,886
CC,1,4061,886
CC,1,4062,886
CC,1,4063,886
CC,1,4064,886
CC,1,4065,886
CC,1,4066,886
CC,1,4067,886
CC,1,4068,886
CC,1,4069,886
CC,1,4070,886
CC,1,4071,886
CC,1,4072,886
CC,1,4073,886
CC,1,4074,886
CC,1,4075,886
CC,1,4076,886
CC,1,4077,886
CC,1,4078,886
CC,1,4079,886
CC,1,4080,886
CC,1,4081,886
CC,1,4082,886
CC,1,4083,886
CC,1,4084,886
CC,1,4085,886
CC,1,4086,886
CC,1,4087,886
CC,1,4088,886
CC,1,4089,886
CC,1,4090,886
CC,1,4091,886
CC,1,4092,886
CC,1,4093,886
CC,1,4094,886
CC,1,4095,886
CC,1,4096,886
CC,1,4097,886
CC,1,4098,886
CC,1,4099,886
CC,1,4100,886
CC,1,4101,886
CC,1,4102,886
CC,1,4103,886
CC,1,4104,886
CC,1,4105,886
CC,1,4106,886
CC,1,4107,886
CC,1,4108,886
CC,1,4109,886
CC,1,4110,886
CC,1,4111,886
CC,1,4112,886
CC,1,4113,886
CC,1,4114,886
CC,1,4115,886
CC,1,4116,886
CC,1,4117,886
CC,1,4118,886
CC,1,4119,886
CC,1,4120,886
CC,1,4121,886
CC,1,4122,886
CC,1,4123,886
CC,1,4124,886
CC,1,4125,886
CC,1,4126,886
CC,1,4127,886
CC,1,4128,886
CC,1,4129,886
CC,1,4130,886
CC,1,4131,886
CC,1,4132,886
CC,1,4133,886
CC,1,4134,886
CC,1,4135,886
CC,1,4136,886
CC,1,4137,886
CC,1,4138,886
CC,1,4139,886
CC,1,4140,886
CC,1,4141,886
CC,1,4142,886
CC,1,4143,886
CC,1,4144,886
CC,1,4145,886
CC,1,4146,886
CC,1,4147,886
CC,1,4148,886
CC,1,4149,886
CC,1,4150,886
CC,1,4151,886
CC,1,4152,886
CC,1,4153,886
CC,1,4154,886
CC,1,4155,886
CC,1,4156,886
CC,1,4157,886
CC,1,4158,886
CC,1,4159,886
CC,1,4160,886
CC,1,4161,886
CC,1,4162,886
CC,1,4163,886
CC,1,4164,886
CC,1,4165,886
CC,1,4166,886
CC,1,4167,886
CC,1,4168,886
CC,1,4169,886
CC,1,4170,886
CC,1,4171,886
CC,1,4172,886
CC,1,4173,886
CC,1,4174,886
CC,1,4175,886
CC,1,4176,886
CC,1,4177,886
CC,1,4178,886
CC,1,4179,886
CC,1,4180,886
CC,1,4181,886
CC,1,4182,886
CC,1,4183,886
CC,1,4184,886
CC,1,4185,886
CC,1,4186,886
CC,1,4187,886
CC,1,4188,886
CC,1,4189,886
CC,1,4190,886
CC,1,4191,886
CC,1,4192,886
CC,1,4193,886
CC,1,4194,886
CC,1,4195,886
CC,1,4196,886
CC,1,4197,886
CC,1,4198,886
CC,1,4199,886
CC,1,4200,886
CC,1,4201,886
CC,1,4202,886
CC,1,4203,886
CC,1,4204,886
CC,1,4205,886
CC,1,4206,886
CC,1,4207,886
CC,1,4208,886
CC,1,4209,886
CC,1,4210,886
CC,1,4211,886
CC,1,4212,886
CC,1,4213,886
CC,1,4214,886
CC,1,4215,886
CC,1,4216,886
CC,1,4217,886
CC,1,4218,886
CC,1,4219,886
CC,1,4220,886
CC,1,4221,886
CC,1,4222,886
CC,1,4223,886
CC,1,4224,886
CC,1,4225,886
CC,1,4226,886
CC,1,4227,886
CC,1,4228,886
CC,1,4229,886
CC,1,4230,886
CC,1,4231,886
CC,1,4232,886
CC,1,4233,886
CC,1,4234,886
CC,1,4235,886
CC,1,4236,886
CC,1,4237,886
CC,1,4238,886
CC,1,4239,886
CC,1,4240,886
CC,1,4241,886
CC,1,4242,886
CC,1,4243,886
CC,1,4244,886
CC,1,4245,886
CC,1,4246,886
CC,1,4247,886
CC,1,4248,886
CC,1,4249,886
CC,1,4250,886
CC,1,4251,886
CC,1,4252,886
CC,1,4253,886
CC,1,4254,886
CC,1,4255,886
CC,1,4256,886
CC,1,4257,886
CC,1,4258,886
CC,1,4259,886
CC,1,4260,886
CC,1,4261,886
CC,1,4262,886
CC,1,4263,886
CC,1,4264,886
CC,1,4265,886
CC,1,4266,886
CC,1,4267,886
CC,1,4268,886
CC,1,4269,886
CC,1,4270,886
CC,1,4271,886
CC,1,4272,886
CC,1,4273,886
CC,1,4274,886
CC,1,4275,886
CC,1,4276,886
CC,1,4277,886
CC,1,4278,886
CC,1,4279,886
CC,1,4280,886
CC,1,4281,886
CC,1,4282,886
CC,1,4283,886
CC,1,4284,886
CC,1,4285,886
CC,1,4286,886
CC,1,4287,886
CC,1,4288,886
CC,1,4289,886
CC,1,4290,886
CC,1,4291,886
CC,1,4292,886
CC,1,4293,886
CC,1,4294,886
CC,1,4295,886
CC,1,4296,886
CC,1,4297,886
CC,1,4298,886
CC,1,4299,886
CC,1,4300,886
CC,1,4301,886
CC,1,4302,886
CC,1,4303,886
CC,1,4304,886
CC,1,4305,886
CC,1,4306,886
CC,1,4307,886
CC,1,4308,886
CC,1,4309,886
CC,1,4310,886
CC,1,4311,886
CC,1,4312,886
CC,1,4313,886
CC,1,4314,886
CC,1,4315,886
CC,1,4316,886
CC,1,4317,886
CC,1,4318,886
CC,1,4319,886
CC,1,4320,886
CC,1,4321,886
CC,1,4322,886
CC,1,4323,886
CC,1,4324,886
CC,1,4325,886
CC,1,4326,886
CC,1,4327,886
CC,1,4328,886
CC,1,4329,886
CC,1,4330,886
CC,1,4331,886
CC,1,4332,886
CC,1,4333,886
CC,1,4334,886
CC,1,4335,886
CC,1,4336,886
CC,1,4337,886
CC,1,4338,886
CC,1,4339,886
CC,1,4340,886
CC,1,4341,886
CC,1,4342,886
CC,1,4343,886
CC,1,4344,886
CC,1,4345,886
CC,1,4346,886
CC,1,4347,886
CC,1,4348,886
CC,1,4349,886
CC,1,4350,886
CC,1,4351,886
CC,1,4352,886
CC,1,4353,886
CC,1,4354,886
CC,1,4355,886
CC,1,4356,886
CC,1,4357,886
CC,1,4358,886
CC,1,4359,886
CC,1,4360,886
CC,1,4361,886
CC,1,4362,886
CC,1,4363,886
CC,1,4364,886
CC,1,4365,886
CC,1,4366,886
CC,1,4367,886
CC,1,4368,886
CC,1,4369,886
CC,1,4370,886
CC,1,4371,886
CC,1,4372,886
CC,1,4373,886
CC,1,4374,886
CC,1,4375,886
CC,1,4376,886
CC,1,4377,886
CC,1,4378,886
CC,1,4379,886
CC,1,4380,886
CC,1,4381,886
CC,1,4382,886
CC,1,4383,886
CC,1,4384,886
CC,1,4385,886
CC,1,4386,886
CC,1,4387,886
CC,1,4388,886
CC,1,4389,886
CC,1,4390,886
CC,1,4391,886
CC,1,4392,886
CC,1,4393,886
CC,1,4394,886
CC,1,4395,886
CC,1,4396,886
CC,1,4397,886
CC,1,4398,886
CC,1,4399,886
CC,1,4400,886
CC,1,4401,886
CC,1,4402,886
CC,1,4403,886
CC,1,4404,886
CC,1,4405,886
CC,1,4406,886
CC,1,4407,886
CC,1,4408,886
CC,1,4409,886
CC,1,4410,886
CC,1,4411,886
CC,1,4412,886
CC,1,4413,886
CC,1,4414,886
CC,1,4415,886
CC,1,4416,886
CC,1,4417,886
CC,1,4418,886
CC,1,4419,886
CC,1,4420,886
CC,1,4421,886
CC,1,4422,886
CC,1,4423,886
CC,1,4424,886
CC,1,4425,886
CC,1,4426,886
CC,1,4427,886
CC,1,4428,886
CC,1,4429,886
CC,1,4430,886
CC,1,4431,886
CC,1,4432,886
CC,1,4433,886
CC,1,4434,886
CC,1,4435,886
CC,1,4436,886
CC,1,4437,886
CC,1,4438,886
CC,1,4439,886
CC,1,4440,886
CC,1,4441,886
CC,1,4442,886
CC,1,4443,886
CC,1,4444,886
CC,1,4445,886
CC,1,4446,886
CC,1,4447,886
CC,1,4448,886
CC,1,4449,886
CC,1,4450,886
CC,1,4451,886
CC,1,4452,886
CC,1,4453,886
CC,1,4454,886
CC,1,4455,886
CC,1,4456,886
CC,1,4457,886
CC,1,4458,886
CC,1,4459,886
CC,1,4460,886
CC,1,4461,886
CC,1,4462,886
CC,1,4463,886
CC,1,4464,886
CC,1,4465,886
CC,1,4466,886
CC,1,4467,886
CC,1,4468,886
CC,1,4469,886
CC,1,4470,886
CC,1,4471,886
CC,1,4472,886
CC,1,4473,886
CC,1,4474,886
CC,1,4475,886
CC,1,4476,886
CC,1,4477,886
CC,1,4478,886
CC,1,4479,886
CC,1,4480,886
CC,1,4481,886
CC,1,4482,886
CC,1,4483,886
CC,1,4484,886
CC,1,4485,886
CC,1,4486,886
CC,1,4487,886
CC,1,4488,886
CC,1,4489,886
CC,1,4490,886
CC,1,4491,886
CC,1,4492,886
CC,1,4493,886
CC,1,4494,886
CC,1,4495,886
CC,1,4496,886
CC,1,4497,886
CC,1,4498,886
CC,1,4499,886
CC,1,4500,886
CC,1,4501,886
CC,1,4502,886
CC,1,4503,886
CC,1,4504,886
CC,1,4505,886
CC,1,4506,886
CC,1,4507,886
CC,1,4508,886
CC,1,4509,886
CC,1,4510,886
CC,1,4511,886
CC,1,4512,886
CC,1,4513,886
CC,1,4514,886
CC,1,4515,886
CC,1,4516,886
CC,1,4517,886
CC,1,4518,886
CC,1,4519,886
CC,1,4520,886
CC,1,4521,886
CC,1,4522,886
CC,1,4523,886
CC,1,4524,886
CC,1,4525,886
CC,1,4526,886
CC,1,4527,886
CC,1,4528,886
CC,1,4529,886
CC,1,4530,886
CC,1,4531,886
CC,1,4532,886
CC,1,4533,886
CC,1,4534,886
CC,1,4535,886
CC,1,4536,886
CC,1,4537,886
CC,1,4538,886
CC,1,4539,886
CC,1,4540,886
CC,1,4541,886
CC,1,4542,886
CC,1,4543,886
CC,1,4544,886
CC,1,4545,886
CC,1,4546,886
CC,1,4547,886
CC,1,4548,886
CC,1,4549,886
CC,1,4550,886
CC,1,4551,886
CC,1,4552,886
CC,1,4553,886
CC,1,4554,886
CC,1,4555,886
CC,1,4556,886
CC,1,4557,886
CC,1,4558,886
CC,1,4559,886
CC,1,4560,886
CC,1,4561,886
CC,1,4562,886
CC,1,4563,886
CC,1,4564,886
CC,1,4565,886
CC,1,4566,886
CC,1,4567,886
CC,1,4568,886
CC,1,4569,886
CC,1,4570,886
CC,1,4571,886
CC,1,4572,886
CC,1,4573,886
CC,1,4574,886
CC,1,4575,886
CC,1,4576,886
CC,1,4577,886
CC,1,4578,886
CC,1,4579,886
CC,1,4580,886
CC,1,4581,886
CC,1,4582,886
CC,1,4583,886
CC,1,4584,886
CC,1,4585,886
CC,1,4586,886
CC,1,4587,886
CC,1,4588,886
CC,1,4589,886
CC,1,4590,886
CC,1,4591,886
CC,1,4592,886
CC,1,4593,886
CC,1,4594,886
CC,1,4595,886
CC,1,4596,886
CC,1,4597,886
CC,1,4598,886
CC,1,4599,886
CC,1,4600,886
CC,1,4601,886
CC,1,4602,886
CC,1,4603,886
CC,1,4604,886
CC,1,4605,886
CC,1,4606,886
CC,1,4607,886
CC,1,4608,886
CC,1,4609,886
CC,1,4610,886
CC,1,4611,886
CC,1,4612,886
CC,1,4613,886
CC,1,4614,886
CC,1,4615,886
CC,1,4616,886
CC,1,4617,886
CC,1,4618,886
CC,1,4619,886
CC,1,4620,886
CC,1,4621,886
CC,1,4622,886
CC,1,4623,886
CC,1,4624,886
CC,1,4625,886
CC,1,4626,886
CC,1,4627,886
CC,1,4628,886
CC,1,4629,886
CC,1,4630,886
CC,1,4631,886
CC,1,4632,886
CC,1,4633,886
CC,1,4634,886
CC,1,4635,886
CC,1,4636,886
CC,1,4637,886
CC,1,4638,886
CC,1,4639,886
CC,1,4640,886
CC,1,4641,886
CC,1,4642,886
CC,1,4643,886
CC,1,4644,886
CC,1,4645,886
CC,1,4646,886
CC,1,4647,886
CC,1,4648,886
CC,1,4649,886
CC,1,4650,886
CC,1,4651,886
CC,1,4652,886
CC,1,4653,886
CC,1,4654,886
CC,1,4655,886
CC,1,4656,886
CC,1,4657,886
CC,1,4658,886
CC,1,4659,886
CC,1,4660,886
CC,1,4661,886
CC,1,4662,886
CC,1,4663,886
CC,1,4664,886
CC,1,4665,886
CC,1,4666,886
CC,1,4667,886
CC,1,4668,886
CC,1,4669,886
CC,1,4670,886
CC,1,4671,886
CC,1,4672,886
CC,1,4673,886
CC,1,4674,886
CC,1,4675,886
CC,1,4676,886
CC,1,4677,886
CC,1,4678,886
CC,1,4679,886
CC,1,4680,886
CC,1,4681,886
CC,1,4682,886
CC,1,4683,886
CC,1,4684,886
CC,1,4685,886
CC,1,4686,886
CC,1,4687,886
CC,1,4688,886
CC,1,4689,886
CC,1,4690,886
CC,1,4691,886
CC,1,4692,886
CC,1,4693,886
CC,1,4694,886
CC,1,4695,886
CC,1,4696,886
CC,1,4697,886
CC,1,4698,886
CC,1,4699,886
CC,1,4700,886
CC,1,4701,886
CC,1,4702,886
CC,1,4703,886
CC,1,4704,886
CC,1,4705,886
CC,1,4706,886
CC,1,4707,886
CC,1,4708,886
CC,1,4709,886
CC,1,4710,886
CC,1,4711,886
CC,1,4712,886
CC,1,4713,886
CC,1,4714,886
CC,1,4715,886
CC,1,4716,886
CC,1,4717,886
CC,1,4718,886
CC,1,4719,886
CC,1,4720,886
CC,1,4721,886
CC,1,4722,886
CC,1,4723,886
CC,1,4724,886
CC,1,4725,886
CC,1,4726,886
CC,1,4727,886
CC,1,4728,886
CC,1,4729,886
CC,1,4730,886
CC,1,4731,886
CC,1,4732,886
CC,1,4733,886
CC,1,4734,886
CC,1,4735,886
CC,1,4736,886
CC,1,4737,886
CC,1,4738,886
CC,1,4739,886
CC,1,4740,886
CC,1,4741,886
CC,1,4742,886
CC,1,4743,886
CC,1,4744,886
CC,1,4745,886
CC,1,4746,886
CC,1,4747,886
CC,1,4748,886
CC,1,4749,886
CC,1,4750,886
CC,1,4751,886
CC,1,4752,886
CC,1,4753,886
CC,1,4754,886
CC,1,4755,886
CC,1,4756,886
CC,1,4757,886
CC,1,4758,886
CC,1,4759,886
CC,1,4760,886
CC,1,4761,886
CC,1,4762,886
CC,1,4763,886
CC,1,4764,886
CC,1,4765,886
CC,1,4766,886
CC,1,4767,886
CC,1,4768,886
CC,1,4769,886
CC,1,4770,886
CC,1,4771,886
CC,1,4772,886
CC,1,4773,886
CC,1,4774,886
CC,1,4775,886
CC,1,4776,886
CC,1,4777,886
CC,1,4778,886
CC,1,4779,886
CC,1,4780,886
CC,1,4781,886
CC,1,4782,886
CC,1,4783,886
CC,1,4784,886
CC,1,4785,886
CC,1,4786,886
CC,1,4787,886
CC,1,4788,886
CC,1,4789,886
CC,1,4790,886
CC,1,4791,886
CC,1,4792,886
CC,1,4793,886
CC,1,4794,886
CC,1,4795,886
CC,1,4796,886
CC,1,4797,886
CC,1,4798,886
CC,1,4799,886
CC,1,4800,886
CC,1,4801,886
CC,1,4802,886
CC,1,4803,886
CC,1,4804,886
CC,1,4805,886
CC,1,4806,886
CC,1,4807,886
CC,1,512,887
CC,1,512,888
CC,1,512,889
CC,1,512,890
CC,1,512,891
CC,1,512,892
CC,1,512,893
CC,1,512,894
CC,1,512,895
CC,1,512,896
CC,1,512,897
CC,1,512,898
CC,1,512,899
CC,1,512,900
CC,1,512,901
CC,1,512,902
CC,1,512,903
CC,1,512,904
CC,1,512,905
CC,1,512,906
CC,1,512,907
CC,1,512,908
CC,1,512,909
CC,1,512,910
CC,1,512,911
CC,1,512,912
CC,1,512,913
CC,1,512,914
CC,1,512,915
CC,1,512,916
CC,1,512,917
CC,1,512,918
CC,1,512,919
CC,1,512,920
CC,1,512,921
CC,1,512,922
CC,1,512,923
CC,1,512,924
CC,1,512,925
CC,1,512,926
CC,1,512,927
CC,1,512,928
CC,1,512,929
CC,1,512,930
CC,1,512,931
CC,1,512,932
CC,1,512,933
CC,1,512,934
CC,1,512,935
CC,1,512,936
CC,1,512,937
CC,1,512,938
CC,1,512,939
CC,1,512,940
CC,1,512,941
CC,1,512,942
CC,1,512,943
CC,1,512,944
CC,1,512,945
CC,1,512,946
CC,1,512,947
CC,1,512,948
CC,1,512,949
CC,1,512,950
CC,1,512,951
CC,1,512,952
CC,1,512,953
CC,1,512,954
CC,1,512,955
CC,1,512,956
CC,1,512,957
CC,1,512,958
CC,1,512,959
CC,1,512,960
CC,1,512,961
CC,1,512,962
CC,1,512,963
CC,1,512,964
CC,1,512,965
CC,1,512,966
CC,1,512,967
CC,1,512,968
CC,1,512,969
CC,1,512,970
CC,1,512,971
CC,1,512,972
CC,1,512,973
CC,1,512,974
CC,1,512,975
CC,1,512,976
CC,1,512,977
